[SIMULATOR: I 200330 22:25:18 main:283] Moving block b'BLOCK_ecb57916-9a8f-413d-88a7-3fac4ba48d56' to new location vtkMatrix4x4 (0x7f9abb4ef930)
      Debug: Off
      Modified Time: 25306899
      Reference Count: 3
      Registered Events: (none)
      Elements:
        -1.96289e-16 -1 2.56496e-15 3.5094 
        6.12323e-17 2.56496e-15 1 2.5 
        -1 2.24938e-16 6.12323e-17 1.24948 
        0 0 0 1 
    
    
[SIMULATOR: I 200330 22:25:18 main:276] Already know about block b'BLOCK_ecb57916-9a8f-413d-88a7-3fac4ba48d56'
[SIMULATOR: I 200330 22:25:18 main:283] Moving block b'BLOCK_ecb57916-9a8f-413d-88a7-3fac4ba48d56' to new location vtkMatrix4x4 (0x7f9abb4f4f50)
      Debug: Off
      Modified Time: 25403638
      Reference Count: 3
      Registered Events: (none)
      Elements:
        -3.29224e-16 -1 1.89882e-15 3.5094 
        6.12323e-17 1.89882e-15 1 2.5 
        -1 2.30061e-16 6.12323e-17 1.09083 
        0 0 0 1 
    
    
[SIMULATOR: I 200330 22:25:18 main:276] Already know about block b'BLOCK_ecb57916-9a8f-413d-88a7-3fac4ba48d56'
[SIMULATOR: I 200330 22:25:18 main:283] Moving block b'BLOCK_ecb57916-9a8f-413d-88a7-3fac4ba48d56' to new location vtkMatrix4x4 (0x7f9abab4dd00)
      Debug: Off
      Modified Time: 25558247
      Reference Count: 3
      Registered Events: (none)
      Elements:
        -4.73176e-16 -1 1.01064e-15 3.5094 
        6.12323e-17 1.01064e-15 1 2.5 
        -1 4.83318e-16 6.12323e-17 1.01371 
        0 0 0 1 
    
    
[SIMULATOR: I 200330 22:25:18 main:276] Already know about block b'BLOCK_ecb57916-9a8f-413d-88a7-3fac4ba48d56'
[SIMULATOR: I 200330 22:25:18 main:283] Moving block b'BLOCK_ecb57916-9a8f-413d-88a7-3fac4ba48d56' to new location vtkMatrix4x4 (0x7f9abb0b3c80)
      Debug: Off
      Modified Time: 25674253
      Reference Count: 3
      Registered Events: (none)
      Elements:
        3.67764e-16 -1 1.22465e-16 3.5094 
        6.12323e-17 1.22465e-16 1 2.5 
        -1 -3.71678e-16 6.12323e-17 1 
        0 0 0 1 
    
    
[SIMULATOR: I 200330 22:25:28 main:276] Already know about block b'BLOCK_ecb57916-9a8f-413d-88a7-3fac4ba48d56'
[SIMULATOR: I 200330 22:25:28 main:283] Moving block b'BLOCK_ecb57916-9a8f-413d-88a7-3fac4ba48d56' to new location vtkMatrix4x4 (0x7f9abb4d3a30)
      Debug: Off
      Modified Time: 30695462
      Reference Count: 3
      Registered Events: (none)
      Elements:
        6.12323e-17 -3.41113e-15 1 3.5 
        -4.83478e-16 1 3.41113e-15 2.4906 
        -1 -4.17261e-16 6.12323e-17 1 
        0 0 0 1 
    
    
[SIMULATOR: I 200330 22:25:28 main:276] Already know about block b'BLOCK_ecb57916-9a8f-413d-88a7-3fac4ba48d56'
[SIMULATOR: I 200330 22:25:28 main:283] Moving block b'BLOCK_ecb57916-9a8f-413d-88a7-3fac4ba48d56' to new location vtkMatrix4x4 (0x7f9abb4ebbb0)
      Debug: Off
      Modified Time: 30831551
      Reference Count: 3
      Registered Events: (none)
      Elements:
        6.12323e-17 -3.41113e-15 1 3.5 
        2.91061e-16 1 3.41113e-15 2.4906 
        -1 3.09761e-16 6.12323e-17 1.01371 
        0 0 0 1 
    
    
[SIMULATOR: I 200330 22:25:28 main:276] Already know about block b'BLOCK_ecb57916-9a8f-413d-88a7-3fac4ba48d56'
[SIMULATOR: I 200330 22:25:28 main:283] Moving block b'BLOCK_ecb57916-9a8f-413d-88a7-3fac4ba48d56' to new location vtkMatrix4x4 (0x7f9abb06e340)
      Debug: Off
      Modified Time: 30967571
      Reference Count: 3
      Registered Events: (none)
      Elements:
        6.12323e-17 -3.41113e-15 1 3.5 
        -4.24153e-16 1 3.41113e-15 2.4906 
        -1 -4.23566e-16 6.12323e-17 1.09083 
        0 0 0 1 
    
    
[SIMULATOR: I 200330 22:25:29 main:276] Already know about block b'BLOCK_ecb57916-9a8f-413d-88a7-3fac4ba48d56'
[SIMULATOR: I 200330 22:25:29 main:283] Moving block b'BLOCK_ecb57916-9a8f-413d-88a7-3fac4ba48d56' to new location vtkMatrix4x4 (0x7f9abb5463e0)
      Debug: Off
      Modified Time: 31064843
      Reference Count: 3
      Registered Events: (none)
      Elements:
        6.12323e-17 -3.41113e-15 1 3.5 
        -3.38062e-16 1 3.41113e-15 2.4906 
        -1 -3.41148e-16 6.12323e-17 1.24948 
        0 0 0 1 
    
    
[SIMULATOR: I 200330 22:25:29 main:276] Already know about block b'BLOCK_ecb57916-9a8f-413d-88a7-3fac4ba48d56'
[SIMULATOR: I 200330 22:25:29 main:283] Moving block b'BLOCK_ecb57916-9a8f-413d-88a7-3fac4ba48d56' to new location vtkMatrix4x4 (0x7f9abb705050)
      Debug: Off
      Modified Time: 31162115
      Reference Count: 3
      Registered Events: (none)
      Elements:
        6.12323e-17 -3.41113e-15 1 3.5 
        2.56191e-16 1 3.41113e-15 2.4906 
        -1 2.49877e-16 6.12323e-17 1.47155 
        0 0 0 1 
    
    
[SIMULATOR: I 200330 22:25:29 main:276] Already know about block b'BLOCK_ecb57916-9a8f-413d-88a7-3fac4ba48d56'
[SIMULATOR: I 200330 22:25:29 main:283] Moving block b'BLOCK_ecb57916-9a8f-413d-88a7-3fac4ba48d56' to new location vtkMatrix4x4 (0x7f9abb0cd7c0)
      Debug: Off
      Modified Time: 31259460
      Reference Count: 3
      Registered Events: (none)
      Elements:
        6.12323e-17 -3.41113e-15 1 3.5 
        2.8632e-16 1 3.41113e-15 2.4906 
        -1 3.02463e-16 6.12323e-17 1.71717 
        0 0 0 1 
    
    
[SIMULATOR: I 200330 22:25:29 main:276] Already know about block b'BLOCK_ecb57916-9a8f-413d-88a7-3fac4ba48d56'
[SIMULATOR: I 200330 22:25:29 main:283] Moving block b'BLOCK_ecb57916-9a8f-413d-88a7-3fac4ba48d56' to new location vtkMatrix4x4 (0x7f9abb7095a0)
      Debug: Off
      Modified Time: 31317988
      Reference Count: 3
      Registered Events: (none)
      Elements:
        6.12323e-17 -3.41113e-15 1 3.5 
        -7.34969e-17 1 3.41113e-15 2.4906 
        -1 -3.37417e-17 6.12323e-17 1.93924 
        0 0 0 1 
    
    
[SIMULATOR: I 200330 22:25:29 main:276] Already know about block b'BLOCK_ecb57916-9a8f-413d-88a7-3fac4ba48d56'
[SIMULATOR: I 200330 22:25:29 main:283] Moving block b'BLOCK_ecb57916-9a8f-413d-88a7-3fac4ba48d56' to new location vtkMatrix4x4 (0x7f9abab42360)
      Debug: Off
      Modified Time: 31434636
      Reference Count: 3
      Registered Events: (none)
      Elements:
        6.12323e-17 -3.41113e-15 1 3.5 
        5.01829e-16 1 3.41113e-15 2.4906 
        -1 5.44058e-16 6.12323e-17 2.09789 
        0 0 0 1 
    
    
[SIMULATOR: I 200330 22:25:30 main:276] Already know about block b'BLOCK_ecb57916-9a8f-413d-88a7-3fac4ba48d56'
[SIMULATOR: I 200330 22:25:30 main:283] Moving block b'BLOCK_ecb57916-9a8f-413d-88a7-3fac4ba48d56' to new location vtkMatrix4x4 (0x7f9abab58aa0)
      Debug: Off
      Modified Time: 31434762
      Reference Count: 3
      Registered Events: (none)
      Elements:
        6.12323e-17 -3.41113e-15 1 3.5 
        -1.00389e-16 1 3.41113e-15 2.4906 
        -1 -4.36196e-17 6.12323e-17 2.17501 
        0 0 0 1 
    
    
[SIMULATOR: I 200330 22:25:30 main:276] Already know about block b'BLOCK_ecb57916-9a8f-413d-88a7-3fac4ba48d56'
[SIMULATOR: I 200330 22:25:30 main:283] Moving block b'BLOCK_ecb57916-9a8f-413d-88a7-3fac4ba48d56' to new location vtkMatrix4x4 (0x7f9abab52ff0)
      Debug: Off
      Modified Time: 31454478
      Reference Count: 3
      Registered Events: (none)
      Elements:
        6.12323e-17 -3.41113e-15 1 3.5 
        -2.59727e-16 1 3.41113e-15 2.4906 
        -1 -2.63585e-16 6.12323e-17 2.18872 
        0 0 0 1 
    
    
[SIMULATOR: I 200330 22:25:30 main:276] Already know about block b'BLOCK_ecb57916-9a8f-413d-88a7-3fac4ba48d56'
[SIMULATOR: I 200330 22:25:30 main:283] Moving block b'BLOCK_ecb57916-9a8f-413d-88a7-3fac4ba48d56' to new location vtkMatrix4x4 (0x7f9abb4bfa50)
      Debug: Off
      Modified Time: 31513338
      Reference Count: 3
      Registered Events: (none)
      Elements:
        6.12323e-17 -3.41113e-15 1 3.5 
        -2.59727e-16 1 3.41113e-15 2.4906 
        -1 -2.63585e-16 6.12323e-17 2.18872 
        0 0 0 1 
    
    
[SIMULATOR: I 200330 22:25:30 main:276] Already know about block b'BLOCK_ecb57916-9a8f-413d-88a7-3fac4ba48d56'
[SIMULATOR: I 200330 22:25:30 main:283] Moving block b'BLOCK_ecb57916-9a8f-413d-88a7-3fac4ba48d56' to new location vtkMatrix4x4 (0x7f9abab68330)
      Debug: Off
      Modified Time: 31552559
      Reference Count: 3
      Registered Events: (none)
      Elements:
        5.96631e-17 -0.0116666 0.999932 3.48858 
        2.63954e-16 0.999932 0.0116666 2.47918 
        -1 2.19021e-16 6.12323e-17 2.18872 
        0 0 0 1 
    
    
[SIMULATOR: I 200330 22:25:30 main:276] Already know about block b'BLOCK_ecb57916-9a8f-413d-88a7-3fac4ba48d56'
[SIMULATOR: I 200330 22:25:30 main:283] Moving block b'BLOCK_ecb57916-9a8f-413d-88a7-3fac4ba48d56' to new location vtkMatrix4x4 (0x7f9aba81adb0)
      Debug: Off
      Modified Time: 31591711
      Reference Count: 3
      Registered Events: (none)
      Elements:
        2.37707e-16 -0.256723 0.966485 3.2921 
        -6.41285e-16 0.966485 0.256723 2.2827 
        -1 -7.01577e-16 6.12323e-17 2.18872 
        0 0 0 1 
    
    
[SIMULATOR: I 200330 22:25:30 main:276] Already know about block b'BLOCK_ecb57916-9a8f-413d-88a7-3fac4ba48d56'
[SIMULATOR: I 200330 22:25:30 main:283] Moving block b'BLOCK_ecb57916-9a8f-413d-88a7-3fac4ba48d56' to new location vtkMatrix4x4 (0x7f9abb0c2230)
      Debug: Off
      Modified Time: 31630863
      Reference Count: 3
      Registered Events: (none)
      Elements:
        8.18155e-18 -0.549395 0.835562 3.10704 
        -6.75024e-18 0.835562 0.549395 2.09764 
        -1 5.69599e-17 6.12323e-17 2.18872 
        0 0 0 1 
    
    
[SIMULATOR: I 200330 22:25:30 main:276] Already know about block b'BLOCK_ecb57916-9a8f-413d-88a7-3fac4ba48d56'
[SIMULATOR: I 200330 22:25:30 main:283] Moving block b'BLOCK_ecb57916-9a8f-413d-88a7-3fac4ba48d56' to new location vtkMatrix4x4 (0x7f9abb54c190)
      Debug: Off
      Modified Time: 31670015
      Reference Count: 3
      Registered Events: (none)
      Elements:
        -4.68798e-16 -0.835562 0.549395 2.90236 
        3.47872e-16 0.549395 0.835562 1.89296 
        -1 5.0121e-16 6.12323e-17 2.18872 
        0 0 0 1 
    
    
[SIMULATOR: I 200330 22:25:31 main:276] Already know about block b'BLOCK_ecb57916-9a8f-413d-88a7-3fac4ba48d56'
[SIMULATOR: I 200330 22:25:31 main:283] Moving block b'BLOCK_ecb57916-9a8f-413d-88a7-3fac4ba48d56' to new location vtkMatrix4x4 (0x7f9abab65bb0)
      Debug: Off
      Modified Time: 31709167
      Reference Count: 3
      Registered Events: (none)
      Elements:
        -2.80415e-16 -0.966485 0.256723 2.7173 
        1.35625e-16 0.256723 0.966485 1.7079 
        -1 2.4203e-16 6.12323e-17 2.18872 
        0 0 0 1 
    
    
[SIMULATOR: I 200330 22:26:13 main:262] 5
[SIMULATOR: I 200330 22:26:13 main:272] Moving block b'BLOCK_f0cb3586-004c-4fcb-a7a9-9fb87582990c' to new location vtkMatrix4x4 (0x7f9abb555390)
      Debug: Off
      Modified Time: 54445785
      Reference Count: 3
      Registered Events: (none)
      Elements:
        2.02162e-16 -0.707107 0.707107 3.5094 
        -6.10611e-17 0.707107 0.707107 3.4906 
        -1 -1.3495e-16 6.12323e-17 1.9906 
        0 0 0 1 
    
    
[SIMULATOR: I 200330 22:26:13 main:276] Already know about block b'BLOCK_f0cb3586-004c-4fcb-a7a9-9fb87582990c'
[SIMULATOR: I 200330 22:26:13 main:283] Moving block b'BLOCK_f0cb3586-004c-4fcb-a7a9-9fb87582990c' to new location vtkMatrix4x4 (0x7f9abab65450)
      Debug: Off
      Modified Time: 54540949
      Reference Count: 3
      Registered Events: (none)
      Elements:
        -4.72779e-16 -0.707107 0.707107 3.5094 
        5.02758e-16 0.707107 0.707107 3.4906 
        -1 7.54491e-16 6.12323e-17 2.00431 
        0 0 0 1 
    
    
[SIMULATOR: I 200330 22:26:13 main:276] Already know about block b'BLOCK_f0cb3586-004c-4fcb-a7a9-9fb87582990c'
[SIMULATOR: I 200330 22:26:13 main:283] Moving block b'BLOCK_f0cb3586-004c-4fcb-a7a9-9fb87582990c' to new location vtkMatrix4x4 (0x7f9abab60350)
      Debug: Off
      Modified Time: 54673960
      Reference Count: 3
      Registered Events: (none)
      Elements:
        3.78055e-17 -0.707107 0.707107 3.5094 
        9.11648e-17 0.707107 0.707107 3.4906 
        -1 4.21773e-17 6.12323e-17 2.08143 
        0 0 0 1 
    
    
[SIMULATOR: I 200330 22:26:14 main:276] Already know about block b'BLOCK_f0cb3586-004c-4fcb-a7a9-9fb87582990c'
[SIMULATOR: I 200330 22:26:14 main:283] Moving block b'BLOCK_f0cb3586-004c-4fcb-a7a9-9fb87582990c' to new location vtkMatrix4x4 (0x7f9ab77ccf40)
      Debug: Off
      Modified Time: 54920506
      Reference Count: 3
      Registered Events: (none)
      Elements:
        -1.78103e-16 -0.707107 0.707107 3.5094 
        3.05841e-16 0.707107 0.707107 3.4906 
        -1 3.8379e-16 6.12323e-17 2.24008 
        0 0 0 1 
    
    
[SIMULATOR: I 200330 22:26:14 main:276] Already know about block b'BLOCK_f0cb3586-004c-4fcb-a7a9-9fb87582990c'
[SIMULATOR: I 200330 22:26:14 main:283] Moving block b'BLOCK_f0cb3586-004c-4fcb-a7a9-9fb87582990c' to new location vtkMatrix4x4 (0x7f9abab392e0)
      Debug: Off
      Modified Time: 55015580
      Reference Count: 3
      Registered Events: (none)
      Elements:
        3.2011e-16 -0.707107 0.707107 3.5094 
        -2.33165e-16 0.707107 0.707107 3.4906 
        -1 -3.03137e-16 6.12323e-17 2.46215 
        0 0 0 1 
    
    
[SIMULATOR: I 200330 22:26:14 main:276] Already know about block b'BLOCK_f0cb3586-004c-4fcb-a7a9-9fb87582990c'
[SIMULATOR: I 200330 22:26:14 main:283] Moving block b'BLOCK_f0cb3586-004c-4fcb-a7a9-9fb87582990c' to new location vtkMatrix4x4 (0x7f9abab55d10)
      Debug: Off
      Modified Time: 55110725
      Reference Count: 3
      Registered Events: (none)
      Elements:
        -3.72657e-17 -0.707107 0.707107 3.5094 
        9.72486e-17 0.707107 0.707107 3.4906 
        -1 1.21716e-16 6.12323e-17 2.70777 
        0 0 0 1 
    
    
[SIMULATOR: I 200330 22:26:14 main:276] Already know about block b'BLOCK_f0cb3586-004c-4fcb-a7a9-9fb87582990c'
[SIMULATOR: I 200330 22:26:14 main:283] Moving block b'BLOCK_f0cb3586-004c-4fcb-a7a9-9fb87582990c' to new location vtkMatrix4x4 (0x7f9abb70bce0)
      Debug: Off
      Modified Time: 55243671
      Reference Count: 3
      Registered Events: (none)
      Elements:
        -3.12051e-16 -0.707107 0.707107 3.5094 
        3.50253e-16 0.707107 0.707107 3.4906 
        -1 4.72231e-16 6.12323e-17 2.92984 
        0 0 0 1 
    
    
[SIMULATOR: I 200330 22:26:15 main:276] Already know about block b'BLOCK_f0cb3586-004c-4fcb-a7a9-9fb87582990c'
[SIMULATOR: I 200330 22:26:15 main:283] Moving block b'BLOCK_f0cb3586-004c-4fcb-a7a9-9fb87582990c' to new location vtkMatrix4x4 (0x7f9ab77d0e00)
      Debug: Off
      Modified Time: 55376613
      Reference Count: 3
      Registered Events: (none)
      Elements:
        -1.6657e-16 -0.707107 0.707107 3.5094 
        2.32283e-16 0.707107 0.707107 3.4906 
        -1 2.74286e-16 6.12323e-17 3.08849 
        0 0 0 1 
    
    
[SIMULATOR: I 200330 22:26:15 main:276] Already know about block b'BLOCK_f0cb3586-004c-4fcb-a7a9-9fb87582990c'
[SIMULATOR: I 200330 22:26:15 main:283] Moving block b'BLOCK_f0cb3586-004c-4fcb-a7a9-9fb87582990c' to new location vtkMatrix4x4 (0x7f9abb4bfa50)
      Debug: Off
      Modified Time: 55566357
      Reference Count: 3
      Registered Events: (none)
      Elements:
        -3.35573e-16 -0.707107 0.707107 3.5094 
        3.69279e-16 0.707107 0.707107 3.4906 
        -1 4.81435e-16 6.12323e-17 3.16561 
        0 0 0 1 
    
    
[SIMULATOR: I 200330 22:26:15 main:276] Already know about block b'BLOCK_f0cb3586-004c-4fcb-a7a9-9fb87582990c'
[SIMULATOR: I 200330 22:26:15 main:283] Moving block b'BLOCK_f0cb3586-004c-4fcb-a7a9-9fb87582990c' to new location vtkMatrix4x4 (0x7f9abab4ec90)
      Debug: Off
      Modified Time: 55718302
      Reference Count: 3
      Registered Events: (none)
      Elements:
        1.36982e-18 -0.707107 0.707107 3.5094 
        3.20719e-17 0.707107 0.707107 3.4906 
        -1 3.18656e-17 6.12323e-17 3.17932 
        0 0 0 1 
    
    
[SIMULATOR: I 200330 22:26:15 main:276] Already know about block b'BLOCK_f0cb3586-004c-4fcb-a7a9-9fb87582990c'
[SIMULATOR: I 200330 22:26:15 main:283] Moving block b'BLOCK_f0cb3586-004c-4fcb-a7a9-9fb87582990c' to new location vtkMatrix4x4 (0x7f9abb0bb920)
      Debug: Off
      Modified Time: 55775508
      Reference Count: 3
      Registered Events: (none)
      Elements:
        1.36982e-18 -0.707107 0.707107 3.5094 
        3.20719e-17 0.707107 0.707107 3.4906 
        -1 3.18656e-17 6.12323e-17 3.17932 
        0 0 0 1 
    
    
[SIMULATOR: I 200330 22:26:16 main:276] Already know about block b'BLOCK_f0cb3586-004c-4fcb-a7a9-9fb87582990c'
[SIMULATOR: I 200330 22:26:16 main:283] Moving block b'BLOCK_f0cb3586-004c-4fcb-a7a9-9fb87582990c' to new location vtkMatrix4x4 (0x7f9abb7039b0)
      Debug: Off
      Modified Time: 55965252
      Reference Count: 3
      Registered Events: (none)
      Elements:
        -1.50418e-17 -0.711196 0.702994 3.5094 
        9.37052e-17 0.702994 0.711196 3.47918 
        -1 7.50759e-17 6.12323e-17 3.1679 
        0 0 0 1 
    
    
[SIMULATOR: I 200330 22:26:16 main:276] Already know about block b'BLOCK_f0cb3586-004c-4fcb-a7a9-9fb87582990c'
[SIMULATOR: I 200330 22:26:16 main:283] Moving block b'BLOCK_f0cb3586-004c-4fcb-a7a9-9fb87582990c' to new location vtkMatrix4x4 (0x7f9abb7116a0)
      Debug: Off
      Modified Time: 56079260
      Reference Count: 3
      Registered Events: (none)
      Elements:
        -4.51364e-17 -0.734616 0.678483 3.5094 
        1.24001e-16 0.678483 0.734616 3.41491 
        -1 1.249e-16 6.12323e-17 3.10363 
        0 0 0 1 
    
    
[SIMULATOR: I 200330 22:26:16 main:276] Already know about block b'BLOCK_f0cb3586-004c-4fcb-a7a9-9fb87582990c'
[SIMULATOR: I 200330 22:26:16 main:283] Moving block b'BLOCK_f0cb3586-004c-4fcb-a7a9-9fb87582990c' to new location vtkMatrix4x4 (0x7f9abb0941a0)
      Debug: Off
      Modified Time: 56212271
      Reference Count: 3
      Registered Events: (none)
      Elements:
        1.80766e-16 -0.784635 0.619958 3.5094 
        -4.55268e-17 0.619958 0.784635 3.2827 
        -1 -1.4658e-16 6.12323e-17 2.97142 
        0 0 0 1 
    
    

************************************************************************************************************************************
 ____                              
/ ___|_      ____ _ _ __ _ __ ___  
\___ \ \ /\ / / _` | '__| '_ ` _ \ 
 ___) \ V  V / (_| | |  | | | | | |
|____/ \_/\_/ \__,_|_|  |_| |_| |_|
                                   
  ____                _                   _   _               
 / ___|___  _ __  ___| |_ _ __ _   _  ___| |_(_) ___  _ __  _ 
| |   / _ \| '_ \/ __| __| '__| | | |/ __| __| |/ _ \| '_ \(_)
| |__| (_) | | | \__ \ |_| |  | |_| | (__| |_| | (_) | | | |_ 
 \____\___/|_| |_|___/\__|_|   \__,_|\___|\__|_|\___/|_| |_(_)
                                                              
 ____  _                 _       _             
/ ___|(_)_ __ ___  _   _| | __ _| |_ ___  _ __ 
\___ \| | '_ ` _ \| | | | |/ _` | __/ _ \| '__|
 ___) | | | | | | | |_| | | (_| | || (_) | |   
|____/|_|_| |_| |_|\__,_|_|\__,_|\__\___/|_|   
                                               

Authors: Caleb Wagner and Hannan Liang
************************************************************************************************************************************[SIMULATOR: I 200330 22:26:19 main:478] Collecting updates from simulator...
[SIMULATOR: I 200330 22:26:19 main:443] Started worker thread

************************************************************************************************************************************
 ____                              
/ ___|_      ____ _ _ __ _ __ ___  
\___ \ \ /\ / / _` | '__| '_ ` _ \ 
 ___) \ V  V / (_| | |  | | | | | |
|____/ \_/\_/ \__,_|_|  |_| |_| |_|
                                   
  ____                _                   _   _               
 / ___|___  _ __  ___| |_ _ __ _   _  ___| |_(_) ___  _ __  _ 
| |   / _ \| '_ \/ __| __| '__| | | |/ __| __| |/ _ \| '_ \(_)
| |__| (_) | | | \__ \ |_| |  | |_| | (__| |_| | (_) | | | |_ 
 \____\___/|_| |_|___/\__|_|   \__,_|\___|\__|_|\___/|_| |_(_)
                                                              
 ____  _                 _       _             
/ ___|(_)_ __ ___  _   _| | __ _| |_ ___  _ __ 
\___ \| | '_ ` _ \| | | | |/ _` | __/ _ \| '__|
 ___) | | | | | | | |_| | | (_| | || (_) | |   
|____/|_|_| |_| |_|\__,_|_|\__,_|\__\___/|_|   
                                               

Authors: Caleb Wagner and Hannan Liang
************************************************************************************************************************************[SIMULATOR: I 200330 22:28:03 main:478] Collecting updates from simulator...
[SIMULATOR: I 200330 22:28:03 main:443] Started worker thread

************************************************************************************************************************************
 ____                              
/ ___|_      ____ _ _ __ _ __ ___  
\___ \ \ /\ / / _` | '__| '_ ` _ \ 
 ___) \ V  V / (_| | |  | | | | | |
|____/ \_/\_/ \__,_|_|  |_| |_| |_|
                                   
  ____                _                   _   _               
 / ___|___  _ __  ___| |_ _ __ _   _  ___| |_(_) ___  _ __  _ 
| |   / _ \| '_ \/ __| __| '__| | | |/ __| __| |/ _ \| '_ \(_)
| |__| (_) | | | \__ \ |_| |  | |_| | (__| |_| | (_) | | | |_ 
 \____\___/|_| |_|___/\__|_|   \__,_|\___|\__|_|\___/|_| |_(_)
                                                              
 ____  _                 _       _             
/ ___|(_)_ __ ___  _   _| | __ _| |_ ___  _ __ 
\___ \| | '_ ` _ \| | | | |/ _` | __/ _ \| '__|
 ___) | | | | | | | |_| | | (_| | || (_) | |   
|____/|_|_| |_| |_|\__,_|_|\__,_|\__\___/|_|   
                                               

Authors: Caleb Wagner and Hannan Liang
************************************************************************************************************************************[SIMULATOR: I 200330 22:28:18 main:478] Collecting updates from simulator...
[SIMULATOR: I 200330 22:28:18 main:443] Started worker thread
[SIMULATOR: I 200330 22:30:58 main:262] 4
[SIMULATOR: I 200330 22:30:58 main:272] Moving block b'BLOCK_d8850da6-eff1-4fac-b14c-89c2835d11c3' to new location vtkMatrix4x4 (0x7fe381c97100)
      Debug: Off
      Modified Time: 89800835
      Reference Count: 3
      Registered Events: (none)
      Elements:
        2.02162e-16 -0.707107 0.707107 3.5094 
        -6.10611e-17 0.707107 0.707107 3.4906 
        -1 -1.3495e-16 6.12323e-17 1.9906 
        0 0 0 1 
    
    
[SIMULATOR: I 200330 22:30:58 main:276] Already know about block b'BLOCK_d8850da6-eff1-4fac-b14c-89c2835d11c3'
[SIMULATOR: I 200330 22:30:58 main:283] Moving block b'BLOCK_d8850da6-eff1-4fac-b14c-89c2835d11c3' to new location vtkMatrix4x4 (0x7fe38055eb70)
      Debug: Off
      Modified Time: 89900595
      Reference Count: 3
      Registered Events: (none)
      Elements:
        -4.72779e-16 -0.707107 0.707107 3.5094 
        5.02758e-16 0.707107 0.707107 3.4906 
        -1 7.54491e-16 6.12323e-17 2.00431 
        0 0 0 1 
    
    
[SIMULATOR: I 200330 22:30:58 main:276] Already know about block b'BLOCK_d8850da6-eff1-4fac-b14c-89c2835d11c3'
[SIMULATOR: I 200330 22:30:58 main:283] Moving block b'BLOCK_d8850da6-eff1-4fac-b14c-89c2835d11c3' to new location vtkMatrix4x4 (0x7fe381df4b70)
      Debug: Off
      Modified Time: 89995504
      Reference Count: 3
      Registered Events: (none)
      Elements:
        -1.58921e-16 -0.707107 0.707107 3.5094 
        2.87892e-16 0.707107 0.707107 3.4906 
        -1 2.79108e-16 6.12323e-17 2.08143 
        0 0 0 1 
    
    
[SIMULATOR: I 200330 22:30:59 main:276] Already know about block b'BLOCK_d8850da6-eff1-4fac-b14c-89c2835d11c3'
[SIMULATOR: I 200330 22:30:59 main:283] Moving block b'BLOCK_d8850da6-eff1-4fac-b14c-89c2835d11c3' to new location vtkMatrix4x4 (0x7fe3803c0600)
      Debug: Off
      Modified Time: 90570357
      Reference Count: 3
      Registered Events: (none)
      Elements:
        -1.78103e-16 -0.707107 0.707107 3.5094 
        3.05841e-16 0.707107 0.707107 3.4906 
        -1 3.8379e-16 6.12323e-17 2.24008 
        0 0 0 1 
    
    
[SIMULATOR: I 200330 22:30:59 main:276] Already know about block b'BLOCK_d8850da6-eff1-4fac-b14c-89c2835d11c3'
[SIMULATOR: I 200330 22:30:59 main:283] Moving block b'BLOCK_d8850da6-eff1-4fac-b14c-89c2835d11c3' to new location vtkMatrix4x4 (0x7fe38059cdd0)
      Debug: Off
      Modified Time: 90667656
      Reference Count: 3
      Registered Events: (none)
      Elements:
        1.98751e-19 -0.707107 0.707107 3.5094 
        3.8003e-17 0.707107 0.707107 3.4906 
        -1 2.83626e-17 6.12323e-17 2.92984 
        0 0 0 1 
    
    
[SIMULATOR: I 200330 22:31:00 main:276] Already know about block b'BLOCK_d8850da6-eff1-4fac-b14c-89c2835d11c3'
[SIMULATOR: I 200330 22:31:00 main:283] Moving block b'BLOCK_d8850da6-eff1-4fac-b14c-89c2835d11c3' to new location vtkMatrix4x4 (0x7fe381cad660)
      Debug: Off
      Modified Time: 90900608
      Reference Count: 3
      Registered Events: (none)
      Elements:
        -6.56145e-17 -0.707107 0.707107 3.5094 
        7.23988e-17 0.707107 0.707107 3.4906 
        -1 8.27719e-17 6.12323e-17 3.08849 
        0 0 0 1 
    
    
[SIMULATOR: I 200330 22:31:00 main:276] Already know about block b'BLOCK_d8850da6-eff1-4fac-b14c-89c2835d11c3'
[SIMULATOR: I 200330 22:31:00 main:283] Moving block b'BLOCK_d8850da6-eff1-4fac-b14c-89c2835d11c3' to new location vtkMatrix4x4 (0x7fe380561770)
      Debug: Off
      Modified Time: 90939839
      Reference Count: 3
      Registered Events: (none)
      Elements:
        -3.35573e-16 -0.707107 0.707107 3.5094 
        3.69279e-16 0.707107 0.707107 3.4906 
        -1 4.81435e-16 6.12323e-17 3.16561 
        0 0 0 1 
    
    
[SIMULATOR: I 200330 22:31:00 main:276] Already know about block b'BLOCK_d8850da6-eff1-4fac-b14c-89c2835d11c3'
[SIMULATOR: I 200330 22:31:00 main:283] Moving block b'BLOCK_d8850da6-eff1-4fac-b14c-89c2835d11c3' to new location vtkMatrix4x4 (0x7fe3805895a0)
      Debug: Off
      Modified Time: 91095275
      Reference Count: 3
      Registered Events: (none)
      Elements:
        1.36982e-18 -0.707107 0.707107 3.5094 
        3.20719e-17 0.707107 0.707107 3.4906 
        -1 3.18656e-17 6.12323e-17 3.17932 
        0 0 0 1 
    
    
[SIMULATOR: I 200330 22:31:00 main:276] Already know about block b'BLOCK_d8850da6-eff1-4fac-b14c-89c2835d11c3'
[SIMULATOR: I 200330 22:31:00 main:283] Moving block b'BLOCK_d8850da6-eff1-4fac-b14c-89c2835d11c3' to new location vtkMatrix4x4 (0x7fe38055d1c0)
      Debug: Off
      Modified Time: 91289469
      Reference Count: 3
      Registered Events: (none)
      Elements:
        1.36982e-18 -0.707107 0.707107 3.5094 
        3.20719e-17 0.707107 0.707107 3.4906 
        -1 3.18656e-17 6.12323e-17 3.17932 
        0 0 0 1 
    
    
[SIMULATOR: I 200330 22:31:01 main:276] Already know about block b'BLOCK_d8850da6-eff1-4fac-b14c-89c2835d11c3'
[SIMULATOR: I 200330 22:31:01 main:283] Moving block b'BLOCK_d8850da6-eff1-4fac-b14c-89c2835d11c3' to new location vtkMatrix4x4 (0x7fe381c9d8a0)
      Debug: Off
      Modified Time: 91406216
      Reference Count: 3
      Registered Events: (none)
      Elements:
        -2.83723e-17 -0.711196 0.702994 3.5094 
        1.00097e-16 0.702994 0.711196 3.47918 
        -1 1.03561e-16 6.12323e-17 3.1679 
        0 0 0 1 
    
    
[SIMULATOR: I 200330 22:31:01 main:276] Already know about block b'BLOCK_d8850da6-eff1-4fac-b14c-89c2835d11c3'
[SIMULATOR: I 200330 22:31:01 main:283] Moving block b'BLOCK_d8850da6-eff1-4fac-b14c-89c2835d11c3' to new location vtkMatrix4x4 (0x7fe381c8ff30)
      Debug: Off
      Modified Time: 91542273
      Reference Count: 3
      Registered Events: (none)
      Elements:
        1.70164e-16 -0.734616 0.678483 3.5094 
        -2.89102e-17 0.678483 0.734616 3.41491 
        -1 -1.52248e-16 6.12323e-17 3.10363 
        0 0 0 1 
    
    
[SIMULATOR: I 200330 22:31:01 main:276] Already know about block b'BLOCK_d8850da6-eff1-4fac-b14c-89c2835d11c3'
[SIMULATOR: I 200330 22:31:01 main:283] Moving block b'BLOCK_d8850da6-eff1-4fac-b14c-89c2835d11c3' to new location vtkMatrix4x4 (0x7fe381c90330)
      Debug: Off
      Modified Time: 91736467
      Reference Count: 3
      Registered Events: (none)
      Elements:
        -8.33526e-18 -0.784635 0.619958 3.5094 
        7.59199e-17 0.619958 0.784635 3.2827 
        -1 8.58263e-17 6.12323e-17 2.97142 
        0 0 0 1 
    
    
[SIMULATOR: I 200330 22:31:02 main:276] Already know about block b'BLOCK_d8850da6-eff1-4fac-b14c-89c2835d11c3'
[SIMULATOR: I 200330 22:31:02 main:283] Moving block b'BLOCK_d8850da6-eff1-4fac-b14c-89c2835d11c3' to new location vtkMatrix4x4 (0x7fe380561770)
      Debug: Off
      Modified Time: 91969488
      Reference Count: 3
      Registered Events: (none)
      Elements:
        -1.79852e-17 -0.856239 0.51658 3.5094 
        8.27352e-17 0.51658 0.856239 3.09764 
        -1 1.19103e-16 6.12323e-17 2.78636 
        0 0 0 1 
    
    
[SIMULATOR: I 200330 22:31:02 main:276] Already know about block b'BLOCK_d8850da6-eff1-4fac-b14c-89c2835d11c3'
[SIMULATOR: I 200330 22:31:02 main:283] Moving block b'BLOCK_d8850da6-eff1-4fac-b14c-89c2835d11c3' to new location vtkMatrix4x4 (0x7fe381add260)
      Debug: Off
      Modified Time: 92047408
      Reference Count: 3
      Registered Events: (none)
      Elements:
        1.47875e-16 -0.929535 0.368735 3.5094 
        -9.33511e-18 0.368735 0.929535 2.89296 
        -1 -2.20854e-16 6.12323e-17 2.58168 
        0 0 0 1 
    
    
[SIMULATOR: I 200330 22:31:02 main:276] Already know about block b'BLOCK_d8850da6-eff1-4fac-b14c-89c2835d11c3'
[SIMULATOR: I 200330 22:31:02 main:283] Moving block b'BLOCK_d8850da6-eff1-4fac-b14c-89c2835d11c3' to new location vtkMatrix4x4 (0x7fe380565b70)
      Debug: Off
      Modified Time: 92299739
      Reference Count: 3
      Registered Events: (none)
      Elements:
        -2.53157e-16 -0.978678 0.205402 3.5094 
        1.19585e-16 0.205402 0.978678 2.7079 
        -1 3.03158e-16 6.12323e-17 2.39662 
        0 0 0 1 
    
    
[SIMULATOR: I 200330 22:31:03 main:276] Already know about block b'BLOCK_d8850da6-eff1-4fac-b14c-89c2835d11c3'
[SIMULATOR: I 200330 22:31:03 main:283] Moving block b'BLOCK_d8850da6-eff1-4fac-b14c-89c2835d11c3' to new location vtkMatrix4x4 (0x7fe381ca54c0)
      Debug: Off
      Modified Time: 92513381
      Reference Count: 3
      Registered Events: (none)
      Elements:
        4.48396e-16 -0.997093 0.076189 3.5094 
        2.81704e-17 0.076189 0.997093 2.57569 
        -1 -4.54895e-16 6.12323e-17 2.26441 
        0 0 0 1 
    
    
[SIMULATOR: I 200330 22:31:03 main:276] Already know about block b'BLOCK_d8850da6-eff1-4fac-b14c-89c2835d11c3'
[SIMULATOR: I 200330 22:31:03 main:283] Moving block b'BLOCK_d8850da6-eff1-4fac-b14c-89c2835d11c3' to new location vtkMatrix4x4 (0x7fe380579160)
      Debug: Off
      Modified Time: 92513509
      Reference Count: 3
      Registered Events: (none)
      Elements:
        -4.28982e-16 -0.999934 0.011532 3.5094 
        6.65963e-17 0.011532 0.999934 2.51142 
        -1 4.14978e-16 6.12323e-17 2.20014 
        0 0 0 1 
    
    
[SIMULATOR: I 200330 22:31:03 main:276] Already know about block b'BLOCK_d8850da6-eff1-4fac-b14c-89c2835d11c3'
[SIMULATOR: I 200330 22:31:03 main:283] Moving block b'BLOCK_d8850da6-eff1-4fac-b14c-89c2835d11c3' to new location vtkMatrix4x4 (0x7fe38057c240)
      Debug: Off
      Modified Time: 92766116
      Reference Count: 3
      Registered Events: (none)
      Elements:
        -2.35635e-17 -1 3.45313e-15 3.5094 
        6.12323e-17 3.45313e-15 1 2.5 
        -1 3.19476e-17 6.12323e-17 2.18872 
        0 0 0 1 
    
    
[SIMULATOR: I 200330 22:31:03 main:276] Already know about block b'BLOCK_d8850da6-eff1-4fac-b14c-89c2835d11c3'
[SIMULATOR: I 200330 22:31:03 main:283] Moving block b'BLOCK_d8850da6-eff1-4fac-b14c-89c2835d11c3' to new location vtkMatrix4x4 (0x7fe380586e20)
      Debug: Off
      Modified Time: 92882794
      Reference Count: 3
      Registered Events: (none)
      Elements:
        -2.35635e-17 -1 3.45313e-15 3.5094 
        6.12323e-17 3.45313e-15 1 2.5 
        -1 3.19476e-17 6.12323e-17 2.18872 
        0 0 0 1 
    
    
[SIMULATOR: I 200330 22:31:04 main:276] Already know about block b'BLOCK_d8850da6-eff1-4fac-b14c-89c2835d11c3'
[SIMULATOR: I 200330 22:31:04 main:283] Moving block b'BLOCK_d8850da6-eff1-4fac-b14c-89c2835d11c3' to new location vtkMatrix4x4 (0x7fe38059b180)
      Debug: Off
      Modified Time: 93077057
      Reference Count: 3
      Registered Events: (none)
      Elements:
        -4.09367e-16 -1 3.45313e-15 3.5094 
        6.12323e-17 3.45313e-15 1 2.5 
        -1 4.21776e-16 6.12323e-17 2.17501 
        0 0 0 1 
    
    
[SIMULATOR: I 200330 22:31:04 main:276] Already know about block b'BLOCK_d8850da6-eff1-4fac-b14c-89c2835d11c3'
[SIMULATOR: I 200330 22:31:04 main:283] Moving block b'BLOCK_d8850da6-eff1-4fac-b14c-89c2835d11c3' to new location vtkMatrix4x4 (0x7fe380560fd0)
      Debug: Off
      Modified Time: 93290630
      Reference Count: 3
      Registered Events: (none)
      Elements:
        -5.63146e-16 -1 3.45313e-15 3.5094 
        6.12323e-17 3.45313e-15 1 2.5 
        -1 5.7926e-16 6.12323e-17 2.09789 
        0 0 0 1 
    
    
[SIMULATOR: I 200330 22:31:04 main:276] Already know about block b'BLOCK_d8850da6-eff1-4fac-b14c-89c2835d11c3'
[SIMULATOR: I 200330 22:31:04 main:283] Moving block b'BLOCK_d8850da6-eff1-4fac-b14c-89c2835d11c3' to new location vtkMatrix4x4 (0x7fe380598c10)
      Debug: Off
      Modified Time: 93290698
      Reference Count: 3
      Registered Events: (none)
      Elements:
        -7.00023e-17 -1 3.45313e-15 3.5094 
        6.12323e-17 3.45313e-15 1 2.5 
        -1 3.46267e-17 6.12323e-17 1.93924 
        0 0 0 1 
    
    
[SIMULATOR: I 200330 22:31:05 main:276] Already know about block b'BLOCK_d8850da6-eff1-4fac-b14c-89c2835d11c3'
[SIMULATOR: I 200330 22:31:05 main:283] Moving block b'BLOCK_d8850da6-eff1-4fac-b14c-89c2835d11c3' to new location vtkMatrix4x4 (0x7fe381ca0fa0)
      Debug: Off
      Modified Time: 93524055
      Reference Count: 3
      Registered Events: (none)
      Elements:
        -4.12899e-16 -1 3.23109e-15 3.5094 
        6.12323e-17 3.23109e-15 1 2.5 
        -1 3.75157e-16 6.12323e-17 1.71717 
        0 0 0 1 
    
    
[SIMULATOR: I 200330 22:31:05 main:276] Already know about block b'BLOCK_d8850da6-eff1-4fac-b14c-89c2835d11c3'
[SIMULATOR: I 200330 22:31:05 main:283] Moving block b'BLOCK_d8850da6-eff1-4fac-b14c-89c2835d11c3' to new location vtkMatrix4x4 (0x7fe381ca1fd0)
      Debug: Off
      Modified Time: 93679491
      Reference Count: 3
      Registered Events: (none)
      Elements:
        -9.70632e-17 -1 3.23109e-15 3.5094 
        6.12323e-17 3.23109e-15 1 2.5 
        -1 1.53979e-16 6.12323e-17 1.47155 
        0 0 0 1 
    
    
[SIMULATOR: I 200330 22:31:05 main:276] Already know about block b'BLOCK_d8850da6-eff1-4fac-b14c-89c2835d11c3'
[SIMULATOR: I 200330 22:31:05 main:283] Moving block b'BLOCK_d8850da6-eff1-4fac-b14c-89c2835d11c3' to new location vtkMatrix4x4 (0x7fe38057c240)
      Debug: Off
      Modified Time: 93679619
      Reference Count: 3
      Registered Events: (none)
      Elements:
        2.08655e-16 -1 2.56496e-15 3.5094 
        6.12323e-17 2.56496e-15 1 2.5 
        -1 -1.57061e-16 6.12323e-17 1.24948 
        0 0 0 1 
    
    
[SIMULATOR: I 200330 22:31:06 main:276] Already know about block b'BLOCK_d8850da6-eff1-4fac-b14c-89c2835d11c3'
[SIMULATOR: I 200330 22:31:06 main:283] Moving block b'BLOCK_d8850da6-eff1-4fac-b14c-89c2835d11c3' to new location vtkMatrix4x4 (0x7fe38057bcc0)
      Debug: Off
      Modified Time: 93932226
      Reference Count: 3
      Registered Events: (none)
      Elements:
        1.30872e-16 -1 1.89882e-15 3.5094 
        6.12323e-17 1.89882e-15 1 2.5 
        -1 -1.93321e-16 6.12323e-17 1.09083 
        0 0 0 1 
    
    
[SIMULATOR: I 200330 22:31:06 main:276] Already know about block b'BLOCK_d8850da6-eff1-4fac-b14c-89c2835d11c3'
[SIMULATOR: I 200330 22:31:06 main:283] Moving block b'BLOCK_d8850da6-eff1-4fac-b14c-89c2835d11c3' to new location vtkMatrix4x4 (0x7fe380591730)
      Debug: Off
      Modified Time: 94087731
      Reference Count: 3
      Registered Events: (none)
      Elements:
        -7.25697e-16 -1 1.01064e-15 3.5094 
        6.12323e-17 1.01064e-15 1 2.5 
        -1 6.95775e-16 6.12323e-17 1.01371 
        0 0 0 1 
    
    
[SIMULATOR: I 200330 22:31:06 main:276] Already know about block b'BLOCK_d8850da6-eff1-4fac-b14c-89c2835d11c3'
[SIMULATOR: I 200330 22:31:06 main:283] Moving block b'BLOCK_d8850da6-eff1-4fac-b14c-89c2835d11c3' to new location vtkMatrix4x4 (0x7fe38059a9c0)
      Debug: Off
      Modified Time: 94185030
      Reference Count: 3
      Registered Events: (none)
      Elements:
        3.67764e-16 -1 1.22465e-16 3.5094 
        6.12323e-17 1.22465e-16 1 2.5 
        -1 -3.71678e-16 6.12323e-17 1 
        0 0 0 1 
    
    
[SIMULATOR: I 200330 22:31:16 main:276] Already know about block b'BLOCK_d8850da6-eff1-4fac-b14c-89c2835d11c3'
[SIMULATOR: I 200330 22:31:16 main:283] Moving block b'BLOCK_d8850da6-eff1-4fac-b14c-89c2835d11c3' to new location vtkMatrix4x4 (0x7fe38057c240)
      Debug: Off
      Modified Time: 99486521
      Reference Count: 3
      Registered Events: (none)
      Elements:
        6.12323e-17 -3.41113e-15 1 3.5 
        -4.83478e-16 1 3.41113e-15 2.4906 
        -1 -4.17261e-16 6.12323e-17 1 
        0 0 0 1 
    
    
[SIMULATOR: I 200330 22:31:16 main:276] Already know about block b'BLOCK_d8850da6-eff1-4fac-b14c-89c2835d11c3'
[SIMULATOR: I 200330 22:31:16 main:283] Moving block b'BLOCK_d8850da6-eff1-4fac-b14c-89c2835d11c3' to new location vtkMatrix4x4 (0x7fe381cb7ad0)
      Debug: Off
      Modified Time: 99603197
      Reference Count: 3
      Registered Events: (none)
      Elements:
        6.12323e-17 -3.41113e-15 1 3.5 
        2.91061e-16 1 3.41113e-15 2.4906 
        -1 3.09761e-16 6.12323e-17 1.01371 
        0 0 0 1 
    
    
[SIMULATOR: I 200330 22:31:17 main:276] Already know about block b'BLOCK_d8850da6-eff1-4fac-b14c-89c2835d11c3'
[SIMULATOR: I 200330 22:31:17 main:283] Moving block b'BLOCK_d8850da6-eff1-4fac-b14c-89c2835d11c3' to new location vtkMatrix4x4 (0x7fe381c8dad0)
      Debug: Off
      Modified Time: 99797458
      Reference Count: 3
      Registered Events: (none)
      Elements:
        6.12323e-17 -3.41113e-15 1 3.5 
        5.1782e-17 1 3.41113e-15 2.4906 
        -1 5.62821e-17 6.12323e-17 1.09083 
        0 0 0 1 
    
    
[SIMULATOR: I 200330 22:31:17 main:276] Already know about block b'BLOCK_d8850da6-eff1-4fac-b14c-89c2835d11c3'
[SIMULATOR: I 200330 22:31:17 main:283] Moving block b'BLOCK_d8850da6-eff1-4fac-b14c-89c2835d11c3' to new location vtkMatrix4x4 (0x7fe380598000)
      Debug: Off
      Modified Time: 99933513
      Reference Count: 3
      Registered Events: (none)
      Elements:
        6.12323e-17 -3.41113e-15 1 3.5 
        -3.38062e-16 1 3.41113e-15 2.4906 
        -1 -3.41148e-16 6.12323e-17 1.24948 
        0 0 0 1 
    
    
[SIMULATOR: I 200330 22:31:17 main:276] Already know about block b'BLOCK_d8850da6-eff1-4fac-b14c-89c2835d11c3'
[SIMULATOR: I 200330 22:31:17 main:283] Moving block b'BLOCK_d8850da6-eff1-4fac-b14c-89c2835d11c3' to new location vtkMatrix4x4 (0x7fe381ca1e80)
      Debug: Off
      Modified Time: 100011431
      Reference Count: 3
      Registered Events: (none)
      Elements:
        6.12323e-17 -3.41113e-15 1 3.5 
        2.56191e-16 1 3.41113e-15 2.4906 
        -1 2.49877e-16 6.12323e-17 1.47155 
        0 0 0 1 
    
    
[SIMULATOR: I 200330 22:31:18 main:276] Already know about block b'BLOCK_d8850da6-eff1-4fac-b14c-89c2835d11c3'
[SIMULATOR: I 200330 22:31:18 main:283] Moving block b'BLOCK_d8850da6-eff1-4fac-b14c-89c2835d11c3' to new location vtkMatrix4x4 (0x7fe381f37830)
      Debug: Off
      Modified Time: 100244381
      Reference Count: 3
      Registered Events: (none)
      Elements:
