[SIMULATOR: I 200406 17:00:28 main:316] Already know about block b'BLOCK_7bce035e-3ff4-4e1e-9681-d7bb24bbd6f9'
[SIMULATOR: I 200406 17:00:28 main:324] Moving block b'BLOCK_7bce035e-3ff4-4e1e-9681-d7bb24bbd6f9' to new location vtkMatrix4x4 (0x7ffe56ec6af0)
      Debug: Off
      Modified Time: 122087911
      Reference Count: 3
      Registered Events: (none)
      Elements:
        8.809e-17 1 -1.55431e-15 4.4812 
        -6.12323e-17 -1.55431e-15 -1 1.5 
        -1 7.27968e-17 6.12323e-17 3.18872 
        0 0 0 1 
    
    
[SIMULATOR: I 200406 17:00:29 main:316] Already know about block b'BLOCK_7bce035e-3ff4-4e1e-9681-d7bb24bbd6f9'
[SIMULATOR: I 200406 17:00:29 main:324] Moving block b'BLOCK_7bce035e-3ff4-4e1e-9681-d7bb24bbd6f9' to new location vtkMatrix4x4 (0x7ffe584a5910)
      Debug: Off
      Modified Time: 122193598
      Reference Count: 3
      Registered Events: (none)
      Elements:
        8.809e-17 1 -1.55431e-15 4.4812 
        -6.12323e-17 -1.55431e-15 -1 1.5 
        -1 7.27968e-17 6.12323e-17 3.18872 
        0 0 0 1 
    
    
[SIMULATOR: I 200406 17:00:29 main:316] Already know about block b'BLOCK_7bce035e-3ff4-4e1e-9681-d7bb24bbd6f9'
[SIMULATOR: I 200406 17:00:29 main:324] Moving block b'BLOCK_7bce035e-3ff4-4e1e-9681-d7bb24bbd6f9' to new location vtkMatrix4x4 (0x7ffe56cdec50)
      Debug: Off
      Modified Time: 122351927
      Reference Count: 3
      Registered Events: (none)
      Elements:
        5.24918e-17 1 -1.55431e-15 4.4812 
        -6.12323e-17 -1.55431e-15 -1 1.5 
        -1 1.5494e-16 6.12323e-17 3.06567 
        0 0 0 1 
    
    
[SIMULATOR: I 200406 17:00:29 main:316] Already know about block b'BLOCK_7bce035e-3ff4-4e1e-9681-d7bb24bbd6f9'
[SIMULATOR: I 200406 17:00:29 main:324] Moving block b'BLOCK_7bce035e-3ff4-4e1e-9681-d7bb24bbd6f9' to new location vtkMatrix4x4 (0x7ffe56ec82d0)
      Debug: Off
      Modified Time: 122484004
      Reference Count: 3
      Registered Events: (none)
      Elements:
        -7.69061e-17 1 -8.88178e-16 4.4812 
        -6.12323e-17 -8.88178e-16 -1 1.5 
        -1 -2.76092e-18 6.12323e-17 2.59436 
        0 0 0 1 
    
    
[SIMULATOR: I 200406 17:00:29 main:316] Already know about block b'BLOCK_7bce035e-3ff4-4e1e-9681-d7bb24bbd6f9'
[SIMULATOR: I 200406 17:00:29 main:324] Moving block b'BLOCK_7bce035e-3ff4-4e1e-9681-d7bb24bbd6f9' to new location vtkMatrix4x4 (0x7ffe584c42b0)
      Debug: Off
      Modified Time: 122563363
      Reference Count: 3
      Registered Events: (none)
      Elements:
        -1.35563e-16 1 0 4.4812 
        -6.12323e-17 -8.276e-33 -1 1.5 
        -1 -2.22819e-16 6.12323e-17 2.12305 
        0 0 0 1 
    
    
[SIMULATOR: I 200406 17:00:30 main:316] Already know about block b'BLOCK_7bce035e-3ff4-4e1e-9681-d7bb24bbd6f9'
[SIMULATOR: I 200406 17:00:30 main:324] Moving block b'BLOCK_7bce035e-3ff4-4e1e-9681-d7bb24bbd6f9' to new location vtkMatrix4x4 (0x7ffe5815e930)
      Debug: Off
      Modified Time: 122748006
      Reference Count: 3
      Registered Events: (none)
      Elements:
        2.10592e-16 1 0 4.4812 
        -6.12323e-17 3.78246e-33 -1 1.5 
        -1 2.1055e-16 6.12323e-17 2 
        0 0 0 1 
    
    
[SIMULATOR: I 200406 17:00:48 main:316] Already know about block b'BLOCK_9a41da56-0956-4f2d-80ec-8a046c45912b'
[SIMULATOR: I 200406 17:00:48 main:324] Moving block b'BLOCK_9a41da56-0956-4f2d-80ec-8a046c45912b' to new location vtkMatrix4x4 (0x7ffe58598190)
      Debug: Off
      Modified Time: 131769454
      Reference Count: 3
      Registered Events: (none)
      Elements:
        6.2168e-17 -0.894427 -0.447214 0.5188 
        8.05366e-17 -0.447214 0.894427 0.5094 
        -1 -3.11358e-17 6.12323e-17 2 
        0 0 0 1 
    
    
[SIMULATOR: I 200406 17:00:48 main:316] Already know about block b'BLOCK_9a41da56-0956-4f2d-80ec-8a046c45912b'
[SIMULATOR: I 200406 17:00:48 main:324] Moving block b'BLOCK_9a41da56-0956-4f2d-80ec-8a046c45912b' to new location vtkMatrix4x4 (0x7ffe56ed3520)
      Debug: Off
      Modified Time: 131848821
      Reference Count: 3
      Registered Events: (none)
      Elements:
        -1.37522e-17 -0.894427 -0.447214 0.5188 
        3.04894e-17 -0.447214 0.894427 0.5094 
        -1 1.09081e-16 6.12323e-17 2.12305 
        0 0 0 1 
    
    
[SIMULATOR: I 200406 17:00:48 main:316] Already know about block b'BLOCK_9a41da56-0956-4f2d-80ec-8a046c45912b'
[SIMULATOR: I 200406 17:00:48 main:324] Moving block b'BLOCK_9a41da56-0956-4f2d-80ec-8a046c45912b' to new location vtkMatrix4x4 (0x7ffe5859ffb0)
      Debug: Off
      Modified Time: 132033541
      Reference Count: 3
      Registered Events: (none)
      Elements:
        3.02021e-16 -0.894427 -0.447214 0.5188 
        2.11917e-16 -0.447214 0.894427 0.5094 
        -1 -3.2269e-16 6.12323e-17 2.59436 
        0 0 0 1 
    
    
[SIMULATOR: I 200406 17:00:49 main:316] Already know about block b'BLOCK_9a41da56-0956-4f2d-80ec-8a046c45912b'
[SIMULATOR: I 200406 17:00:49 main:324] Moving block b'BLOCK_9a41da56-0956-4f2d-80ec-8a046c45912b' to new location vtkMatrix4x4 (0x7ffe5862ae70)
      Debug: Off
      Modified Time: 132112908
      Reference Count: 3
      Registered Events: (none)
      Elements:
        -1.72786e-16 -0.894427 -0.447214 0.5188 
        4.74252e-19 -0.447214 0.894427 0.5094 
        -1 1.59263e-16 6.12323e-17 3.06567 
        0 0 0 1 
    
    
[SIMULATOR: I 200406 17:00:49 main:316] Already know about block b'BLOCK_9a41da56-0956-4f2d-80ec-8a046c45912b'
[SIMULATOR: I 200406 17:00:49 main:324] Moving block b'BLOCK_9a41da56-0956-4f2d-80ec-8a046c45912b' to new location vtkMatrix4x4 (0x7ffe577f6ac0)
      Debug: Off
      Modified Time: 132244917
      Reference Count: 3
      Registered Events: (none)
      Elements:
        -2.63892e-17 -0.894427 -0.447214 0.5188 
        4.38612e-17 -0.447214 0.894427 0.5094 
        -1 -6.1145e-18 6.12323e-17 3.18872 
        0 0 0 1 
    
    
[SIMULATOR: I 200406 17:00:49 main:316] Already know about block b'BLOCK_9a41da56-0956-4f2d-80ec-8a046c45912b'
[SIMULATOR: I 200406 17:00:49 main:324] Moving block b'BLOCK_9a41da56-0956-4f2d-80ec-8a046c45912b' to new location vtkMatrix4x4 (0x7ffe58102450)
      Debug: Off
      Modified Time: 132482279
      Reference Count: 3
      Registered Events: (none)
      Elements:
        -2.63892e-17 -0.894427 -0.447214 0.5188 
        4.38612e-17 -0.447214 0.894427 0.5094 
        -1 -6.1145e-18 6.12323e-17 3.18872 
        0 0 0 1 
    
    
[SIMULATOR: I 200406 17:00:50 main:316] Already know about block b'BLOCK_9a41da56-0956-4f2d-80ec-8a046c45912b'
[SIMULATOR: I 200406 17:00:50 main:324] Moving block b'BLOCK_9a41da56-0956-4f2d-80ec-8a046c45912b' to new location vtkMatrix4x4 (0x7ffe585abbf0)
      Debug: Off
      Modified Time: 132640609
      Reference Count: 3
      Registered Events: (none)
      Elements:
        -9.70452e-17 -0.873348 -0.487096 0.723885 
        1.07399e-17 -0.487096 0.873348 0.5094 
        -1 4.94438e-17 6.12323e-17 3.18872 
        0 0 0 1 
    
    
[SIMULATOR: I 200406 17:00:50 main:316] Already know about block b'BLOCK_9a41da56-0956-4f2d-80ec-8a046c45912b'
[SIMULATOR: I 200406 17:00:50 main:324] Moving block b'BLOCK_9a41da56-0956-4f2d-80ec-8a046c45912b' to new location vtkMatrix4x4 (0x7ffe584c1b20)
      Debug: Off
      Modified Time: 132640732
      Reference Count: 3
      Registered Events: (none)
      Elements:
        1.68361e-17 -0.707107 -0.707107 1.5094 
        1.1341e-16 -0.707107 0.707107 0.5094 
        -1 -3.21989e-17 6.12323e-17 3.18872 
        0 0 0 1 
    
    
[SIMULATOR: I 200406 17:00:50 main:316] Already know about block b'BLOCK_9a41da56-0956-4f2d-80ec-8a046c45912b'
[SIMULATOR: I 200406 17:00:50 main:324] Moving block b'BLOCK_9a41da56-0956-4f2d-80ec-8a046c45912b' to new location vtkMatrix4x4 (0x7ffe581417f0)
      Debug: Off
      Modified Time: 132825664
      Reference Count: 3
      Registered Events: (none)
      Elements:
        -3.44502e-17 -0.202732 -0.979234 2.29491 
        6.98444e-17 -0.979234 0.202732 0.5094 
        -1 -8.73735e-17 6.12323e-17 3.18872 
        0 0 0 1 
    
    
[SIMULATOR: I 200406 17:00:50 main:316] Already know about block b'BLOCK_9a41da56-0956-4f2d-80ec-8a046c45912b'
[SIMULATOR: I 200406 17:00:50 main:324] Moving block b'BLOCK_9a41da56-0956-4f2d-80ec-8a046c45912b' to new location vtkMatrix4x4 (0x7ffe584cae00)
      Debug: Off
      Modified Time: 132957742
      Reference Count: 3
      Registered Events: (none)
      Elements:
        -6.12323e-17 -5.71193e-15 -1 2.5 
        -6.94709e-18 -1 5.71193e-15 0.5094 
        -1 -6.94709e-18 6.12323e-17 3.18872 
        0 0 0 1 
    
    
[SIMULATOR: I 200406 17:00:51 main:316] Already know about block b'BLOCK_9a41da56-0956-4f2d-80ec-8a046c45912b'
[SIMULATOR: I 200406 17:00:51 main:324] Moving block b'BLOCK_9a41da56-0956-4f2d-80ec-8a046c45912b' to new location vtkMatrix4x4 (0x7ffe56cd7d60)
      Debug: Off
      Modified Time: 133089751
      Reference Count: 3
      Registered Events: (none)
      Elements:
        -6.12323e-17 -5.71193e-15 -1 2.5 
        -6.94709e-18 -1 5.71193e-15 0.5094 
        -1 -6.94709e-18 6.12323e-17 3.18872 
        0 0 0 1 
    
    
[SIMULATOR: I 200406 17:00:51 main:316] Already know about block b'BLOCK_9a41da56-0956-4f2d-80ec-8a046c45912b'
[SIMULATOR: I 200406 17:00:51 main:324] Moving block b'BLOCK_9a41da56-0956-4f2d-80ec-8a046c45912b' to new location vtkMatrix4x4 (0x7ffe584bec80)
      Debug: Off
      Modified Time: 133248081
      Reference Count: 3
      Registered Events: (none)
      Elements:
        -1.06374e-16 0.114706 -0.993399 2.60254 
        3.96975e-16 -0.993399 -0.114706 0.611943 
        -1 -4.41932e-16 6.12323e-17 3.29126 
        0 0 0 1 
    
    
[SIMULATOR: I 200406 17:00:51 main:316] Already know about block b'BLOCK_9a41da56-0956-4f2d-80ec-8a046c45912b'
[SIMULATOR: I 200406 17:00:51 main:324] Moving block b'BLOCK_9a41da56-0956-4f2d-80ec-8a046c45912b' to new location vtkMatrix4x4 (0x7ffe56ec3340)
      Debug: Off
      Modified Time: 133406480
      Reference Count: 3
      Registered Events: (none)
      Elements:
        -8.56474e-17 0.707107 -0.707107 2.9953 
        -4.56829e-17 -0.707107 -0.707107 1.0047 
        -1 -4.91519e-18 6.12323e-17 3.68402 
        0 0 0 1 
    
    
[SIMULATOR: I 200406 17:00:52 main:316] Already know about block b'BLOCK_9a41da56-0956-4f2d-80ec-8a046c45912b'
[SIMULATOR: I 200406 17:00:52 main:324] Moving block b'BLOCK_9a41da56-0956-4f2d-80ec-8a046c45912b' to new location vtkMatrix4x4 (0x7ffe56d6f330)
      Debug: Off
      Modified Time: 133538489
      Reference Count: 3
      Registered Events: (none)
      Elements:
        4.12837e-17 0.993399 -0.114706 3.38806 
        -7.20616e-17 -0.114706 -0.993399 1.39746 
        -1 5.17827e-17 6.12323e-17 4.07678 
        0 0 0 1 
    
    
[SIMULATOR: I 200406 17:00:52 main:316] Already know about block b'BLOCK_9a41da56-0956-4f2d-80ec-8a046c45912b'
[SIMULATOR: I 200406 17:00:52 main:324] Moving block b'BLOCK_9a41da56-0956-4f2d-80ec-8a046c45912b' to new location vtkMatrix4x4 (0x7ffe58596a00)
      Debug: Off
      Modified Time: 133617855
      Reference Count: 3
      Registered Events: (none)
      Elements:
        4.68346e-16 1 -3.55271e-15 3.4906 
        -6.12323e-17 -3.55271e-15 -1 1.5 
        -1 4.96105e-16 6.12323e-17 4.17932 
        0 0 0 1 
    
    
[SIMULATOR: I 200406 17:00:52 main:316] Already know about block b'BLOCK_9a41da56-0956-4f2d-80ec-8a046c45912b'
[SIMULATOR: I 200406 17:00:52 main:324] Moving block b'BLOCK_9a41da56-0956-4f2d-80ec-8a046c45912b' to new location vtkMatrix4x4 (0x7ffe56d6f330)
      Debug: Off
      Modified Time: 133776184
      Reference Count: 3
      Registered Events: (none)
      Elements:
        4.68346e-16 1 -3.55271e-15 3.4906 
        -6.12323e-17 -3.55271e-15 -1 1.5 
        -1 4.96105e-16 6.12323e-17 4.17932 
        0 0 0 1 
    
    
[SIMULATOR: I 200406 17:00:53 main:316] Already know about block b'BLOCK_9a41da56-0956-4f2d-80ec-8a046c45912b'
[SIMULATOR: I 200406 17:00:53 main:324] Moving block b'BLOCK_9a41da56-0956-4f2d-80ec-8a046c45912b' to new location vtkMatrix4x4 (0x7ffe58146a40)
      Debug: Off
      Modified Time: 133987224
      Reference Count: 3
      Registered Events: (none)
      Elements:
        -3.47556e-17 1 -3.10862e-15 3.4906 
        -6.12323e-17 -3.10862e-15 -1 1.5 
        -1 -3.50783e-17 6.12323e-17 4.05627 
        0 0 0 1 
    
    
[SIMULATOR: I 200406 17:00:53 main:316] Already know about block b'BLOCK_9a41da56-0956-4f2d-80ec-8a046c45912b'
[SIMULATOR: I 200406 17:00:53 main:324] Moving block b'BLOCK_9a41da56-0956-4f2d-80ec-8a046c45912b' to new location vtkMatrix4x4 (0x7ffe58156150)
      Debug: Off
      Modified Time: 134092911
      Reference Count: 3
      Registered Events: (none)
      Elements:
        6.36542e-17 1 -1.55431e-15 3.4906 
        -6.12323e-17 -1.55431e-15 -1 1.5 
        -1 7.23408e-17 6.12323e-17 3.58496 
        0 0 0 1 
    
    
[SIMULATOR: I 200406 17:00:53 main:316] Already know about block b'BLOCK_9a41da56-0956-4f2d-80ec-8a046c45912b'
[SIMULATOR: I 200406 17:00:53 main:324] Moving block b'BLOCK_9a41da56-0956-4f2d-80ec-8a046c45912b' to new location vtkMatrix4x4 (0x7ffe581417f0)
      Debug: Off
      Modified Time: 134224919
      Reference Count: 3
      Registered Events: (none)
      Elements:
        -3.44769e-16 1 -4.44089e-16 3.4906 
        -6.12323e-17 -4.44089e-16 -1 1.5 
        -1 -2.8349e-16 6.12323e-17 3.11365 
        0 0 0 1 
    
    
[SIMULATOR: I 200406 17:00:53 main:316] Already know about block b'BLOCK_9a41da56-0956-4f2d-80ec-8a046c45912b'
[SIMULATOR: I 200406 17:00:53 main:324] Moving block b'BLOCK_9a41da56-0956-4f2d-80ec-8a046c45912b' to new location vtkMatrix4x4 (0x7ffe56ec3500)
      Debug: Off
      Modified Time: 134383310
      Reference Count: 3
      Registered Events: (none)
      Elements:
        3.58298e-16 1 0 3.4906 
        -6.12323e-17 2.67202e-32 -1 1.5 
        -1 4.26723e-16 6.12323e-17 2.9906 
        0 0 0 1 
    
    
[SIMULATOR: I 200406 17:01:00 main:316] Already know about block b'BLOCK_9a41da56-0956-4f2d-80ec-8a046c45912b'
[SIMULATOR: I 200406 17:01:00 main:324] Moving block b'BLOCK_9a41da56-0956-4f2d-80ec-8a046c45912b' to new location vtkMatrix4x4 (0x7ffe5815b000)
      Debug: Off
      Modified Time: 137812556
      Reference Count: 3
      Registered Events: (none)
      Elements:
        -2.29898e-16 -0.707107 -0.707107 3.5094 
        -9.27249e-17 -0.707107 0.707107 1.5094 
        -1 1.99559e-16 6.12323e-17 2.9906 
        0 0 0 1 
    
    
[SIMULATOR: I 200406 17:01:00 main:316] Already know about block b'BLOCK_9a41da56-0956-4f2d-80ec-8a046c45912b'
[SIMULATOR: I 200406 17:01:00 main:324] Moving block b'BLOCK_9a41da56-0956-4f2d-80ec-8a046c45912b' to new location vtkMatrix4x4 (0x7ffe585aa1b0)
      Debug: Off
      Modified Time: 137891992
      Reference Count: 3
      Registered Events: (none)
      Elements:
        -2.68388e-16 -0.707107 -0.707107 3.5094 
        -1.6425e-16 -0.707107 0.707107 1.5094 
        -1 4.0467e-16 6.12323e-17 3.11365 
        0 0 0 1 
    
    
[SIMULATOR: I 200406 17:01:01 main:316] Already know about block b'BLOCK_9a41da56-0956-4f2d-80ec-8a046c45912b'
[SIMULATOR: I 200406 17:01:01 main:324] Moving block b'BLOCK_9a41da56-0956-4f2d-80ec-8a046c45912b' to new location vtkMatrix4x4 (0x7ffe585bd910)
      Debug: Off
      Modified Time: 138155606
      Reference Count: 3
      Registered Events: (none)
      Elements:
        -8.34912e-17 -0.707107 -0.707107 3.5094 
        -4.72213e-17 -0.707107 0.707107 1.5094 
        -1 9.49629e-17 6.12323e-17 3.58496 
        0 0 0 1 
    
    
[SIMULATOR: I 200406 17:01:01 main:316] Already know about block b'BLOCK_9a41da56-0956-4f2d-80ec-8a046c45912b'
[SIMULATOR: I 200406 17:01:01 main:324] Moving block b'BLOCK_9a41da56-0956-4f2d-80ec-8a046c45912b' to new location vtkMatrix4x4 (0x7ffe585bde50)
      Debug: Off
      Modified Time: 138155674
      Reference Count: 3
      Registered Events: (none)
      Elements:
        7.78327e-17 -0.707107 -0.707107 3.5094 
        1.195e-16 -0.707107 0.707107 1.5094 
        -1 -1.35344e-16 6.12323e-17 4.05627 
        0 0 0 1 
    
    
[SIMULATOR: I 200406 17:01:01 main:316] Already know about block b'BLOCK_9a41da56-0956-4f2d-80ec-8a046c45912b'
[SIMULATOR: I 200406 17:01:01 main:324] Moving block b'BLOCK_9a41da56-0956-4f2d-80ec-8a046c45912b' to new location vtkMatrix4x4 (0x7ffe584b5560)
      Debug: Off
      Modified Time: 138314409
      Reference Count: 3
      Registered Events: (none)
      Elements:
        8.68882e-17 -0.707107 -0.707107 3.5094 
        1.5748e-16 -0.707107 0.707107 1.5094 
        -1 -1.73812e-16 6.12323e-17 4.17932 
        0 0 0 1 
    
    
[SIMULATOR: I 200406 17:01:02 main:316] Already know about block b'BLOCK_9a41da56-0956-4f2d-80ec-8a046c45912b'
[SIMULATOR: I 200406 17:01:02 main:324] Moving block b'BLOCK_9a41da56-0956-4f2d-80ec-8a046c45912b' to new location vtkMatrix4x4 (0x7ffe58509100)
      Debug: Off
      Modified Time: 138420097
      Reference Count: 3
      Registered Events: (none)
      Elements:
        8.68882e-17 -0.707107 -0.707107 3.5094 
        1.5748e-16 -0.707107 0.707107 1.5094 
        -1 -1.73812e-16 6.12323e-17 4.17932 
        0 0 0 1 
    
    
[SIMULATOR: I 200406 17:01:02 main:316] Already know about block b'BLOCK_9a41da56-0956-4f2d-80ec-8a046c45912b'
[SIMULATOR: I 200406 17:01:02 main:324] Moving block b'BLOCK_9a41da56-0956-4f2d-80ec-8a046c45912b' to new location vtkMatrix4x4 (0x7ffe56ed36a0)
      Debug: Off
      Modified Time: 138578427
      Reference Count: 3
      Registered Events: (none)
      Elements:
        -7.33999e-17 -0.741007 -0.671497 3.40686 
        2.20839e-17 -0.671497 0.741007 1.5094 
        -1 6.87684e-17 6.12323e-17 4.17932 
        0 0 0 1 
    
    
[SIMULATOR: I 200406 17:01:02 main:316] Already know about block b'BLOCK_9a41da56-0956-4f2d-80ec-8a046c45912b'
[SIMULATOR: I 200406 17:01:02 main:324] Moving block b'BLOCK_9a41da56-0956-4f2d-80ec-8a046c45912b' to new location vtkMatrix4x4 (0x7ffe58166000)
      Debug: Off
      Modified Time: 138763147
      Reference Count: 3
      Registered Events: (none)
      Elements:
        -1.03972e-16 -0.83205 -0.5547 3.0141 
        2.44567e-18 -0.5547 0.83205 1.5094 
        -1 6.66587e-17 6.12323e-17 4.17932 
        0 0 0 1 
    
    
[SIMULATOR: I 200406 17:01:03 main:316] Already know about block b'BLOCK_9a41da56-0956-4f2d-80ec-8a046c45912b'
[SIMULATOR: I 200406 17:01:03 main:324] Moving block b'BLOCK_9a41da56-0956-4f2d-80ec-8a046c45912b' to new location vtkMatrix4x4 (0x7ffe584bec80)
      Debug: Off
      Modified Time: 138947798
      Reference Count: 3
      Registered Events: (none)
      Elements:
        -4.75396e-16 -0.884562 -0.466422 2.62134 
        -1.80903e-16 -0.466422 0.884562 1.5094 
        -1 5.0707e-16 6.12323e-17 4.17932 
        0 0 0 1 
    
    
[SIMULATOR: I 200406 17:01:03 main:316] Already know about block b'BLOCK_9a41da56-0956-4f2d-80ec-8a046c45912b'
[SIMULATOR: I 200406 17:01:03 main:324] Moving block b'BLOCK_9a41da56-0956-4f2d-80ec-8a046c45912b' to new location vtkMatrix4x4 (0x7ffe584cd060)
      Debug: Off
      Modified Time: 139079807
      Reference Count: 3
      Registered Events: (none)
      Elements:
        -7.93444e-17 -0.894427 -0.447214 2.5188 
        2.97227e-17 -0.447214 0.894427 1.5094 
        -1 5.75756e-17 6.12323e-17 4.17932 
        0 0 0 1 
    
    
[SIMULATOR: I 200406 17:01:03 main:316] Already know about block b'BLOCK_9a41da56-0956-4f2d-80ec-8a046c45912b'
[SIMULATOR: I 200406 17:01:03 main:324] Moving block b'BLOCK_9a41da56-0956-4f2d-80ec-8a046c45912b' to new location vtkMatrix4x4 (0x7ffe584bec80)
      Debug: Off
      Modified Time: 139238206
      Reference Count: 3
      Registered Events: (none)
      Elements:
        1.16362e-16 -0.894427 -0.447214 2.5188 
        1.29227e-16 -0.447214 0.894427 1.5094 
        -1 -1.67706e-16 6.12323e-17 4.05627 
        0 0 0 1 
    
    
[SIMULATOR: I 200406 17:01:04 main:316] Already know about block b'BLOCK_9a41da56-0956-4f2d-80ec-8a046c45912b'
[SIMULATOR: I 200406 17:01:04 main:324] Moving block b'BLOCK_9a41da56-0956-4f2d-80ec-8a046c45912b' to new location vtkMatrix4x4 (0x7ffe5814ba60)
      Debug: Off
      Modified Time: 139396536
      Reference Count: 3
      Registered Events: (none)
      Elements:
        -3.07553e-16 -0.894427 -0.447214 2.5188 
        -8.36321e-17 -0.447214 0.894427 1.5094 
        -1 2.98734e-16 6.12323e-17 3.58496 
        0 0 0 1 
    
    
[SIMULATOR: I 200406 17:01:04 main:316] Already know about block b'BLOCK_9a41da56-0956-4f2d-80ec-8a046c45912b'
[SIMULATOR: I 200406 17:01:04 main:324] Moving block b'BLOCK_9a41da56-0956-4f2d-80ec-8a046c45912b' to new location vtkMatrix4x4 (0x7ffe56ed8d40)
      Debug: Off
      Modified Time: 139581187
      Reference Count: 3
      Registered Events: (none)
      Elements:
        1.24903e-16 -0.894427 -0.447214 2.5188 
        1.6969e-16 -0.447214 0.894427 1.5094 
        -1 -1.33652e-16 6.12323e-17 3.11365 
        0 0 0 1 
    
    
[SIMULATOR: I 200406 17:01:04 main:316] Already know about block b'BLOCK_9a41da56-0956-4f2d-80ec-8a046c45912b'
[SIMULATOR: I 200406 17:01:04 main:324] Moving block b'BLOCK_9a41da56-0956-4f2d-80ec-8a046c45912b' to new location vtkMatrix4x4 (0x7ffe584c1c40)
      Debug: Off
      Modified Time: 139686875
      Reference Count: 3
      Registered Events: (none)
      Elements:
        -3.69027e-16 -0.894427 -0.447214 2.5188 
        -1.1781e-16 -0.447214 0.894427 1.5094 
        -1 3.97532e-16 6.12323e-17 2.9906 
        0 0 0 1 
    
    
[SIMULATOR: I 200406 17:01:10 main:316] Already know about block b'BLOCK_9a41da56-0956-4f2d-80ec-8a046c45912b'
[SIMULATOR: I 200406 17:01:10 main:324] Moving block b'BLOCK_9a41da56-0956-4f2d-80ec-8a046c45912b' to new location vtkMatrix4x4 (0x7ffe584c48d0)
      Debug: Off
      Modified Time: 142720706
      Reference Count: 3
      Registered Events: (none)
      Elements:
        -2.33632e-16 0.707107 0.707107 2.4906 
        -3.76529e-16 0.707107 -0.707107 1.4906 
        -1 -5.76813e-16 6.12323e-17 2.9906 
        0 0 0 1 
    
    
[SIMULATOR: I 200406 17:01:11 main:316] Already know about block b'BLOCK_9a41da56-0956-4f2d-80ec-8a046c45912b'
[SIMULATOR: I 200406 17:01:11 main:324] Moving block b'BLOCK_9a41da56-0956-4f2d-80ec-8a046c45912b' to new location vtkMatrix4x4 (0x7ffe5816eaf0)
      Debug: Off
      Modified Time: 142879036
      Reference Count: 3
      Registered Events: (none)
      Elements:
        2.27215e-16 0.707107 0.707107 2.4906 
        1.27932e-16 0.707107 -0.707107 1.4906 
        -1 2.82653e-16 6.12323e-17 3.11365 
        0 0 0 1 
    
    
[SIMULATOR: I 200406 17:01:11 main:316] Already know about block b'BLOCK_9a41da56-0956-4f2d-80ec-8a046c45912b'
[SIMULATOR: I 200406 17:01:11 main:324] Moving block b'BLOCK_9a41da56-0956-4f2d-80ec-8a046c45912b' to new location vtkMatrix4x4 (0x7ffe56ec4090)
      Debug: Off
      Modified Time: 142879164
      Reference Count: 3
      Registered Events: (none)
      Elements:
        4.54034e-16 0.707107 0.707107 2.4906 
        4.0022e-16 0.707107 -0.707107 1.4906 
        -1 6.2628e-16 6.12323e-17 3.58496 
        0 0 0 1 
    
    
[SIMULATOR: I 200406 17:01:11 main:316] Already know about block b'BLOCK_9a41da56-0956-4f2d-80ec-8a046c45912b'
[SIMULATOR: I 200406 17:01:11 main:324] Moving block b'BLOCK_9a41da56-0956-4f2d-80ec-8a046c45912b' to new location vtkMatrix4x4 (0x7ffe56cdec50)
      Debug: Off
      Modified Time: 143116802
      Reference Count: 3
      Registered Events: (none)
      Elements:
        -2.54916e-16 0.707107 0.707107 2.4906 
        -3.2081e-16 0.707107 -0.707107 1.4906 
        -1 -3.95289e-16 6.12323e-17 4.05627 
        0 0 0 1 
    
    
[SIMULATOR: I 200406 17:01:12 main:316] Already know about block b'BLOCK_9a41da56-0956-4f2d-80ec-8a046c45912b'
[SIMULATOR: I 200406 17:01:12 main:324] Moving block b'BLOCK_9a41da56-0956-4f2d-80ec-8a046c45912b' to new location vtkMatrix4x4 (0x7ffe5816f030)
      Debug: Off
      Modified Time: 143275132
      Reference Count: 3
      Registered Events: (none)
      Elements:
        -1.29048e-16 0.707107 0.707107 2.4906 
        -1.63642e-16 0.707107 -0.707107 1.4906 
        -1 -1.64386e-16 6.12323e-17 4.17932 
        0 0 0 1 
    
    
[SIMULATOR: I 200406 17:01:12 main:316] Already know about block b'BLOCK_9a41da56-0956-4f2d-80ec-8a046c45912b'
[SIMULATOR: I 200406 17:01:12 main:324] Moving block b'BLOCK_9a41da56-0956-4f2d-80ec-8a046c45912b' to new location vtkMatrix4x4 (0x7ffe584bdfe0)
      Debug: Off
      Modified Time: 143591388
      Reference Count: 3
      Registered Events: (none)
      Elements:
        -1.29048e-16 0.707107 0.707107 2.4906 
        -1.63642e-16 0.707107 -0.707107 1.4906 
        -1 -1.64386e-16 6.12323e-17 4.17932 
        0 0 0 1 
    
    
[SIMULATOR: I 200406 17:01:12 main:316] Already know about block b'BLOCK_9a41da56-0956-4f2d-80ec-8a046c45912b'
[SIMULATOR: I 200406 17:01:12 main:324] Moving block b'BLOCK_9a41da56-0956-4f2d-80ec-8a046c45912b' to new location vtkMatrix4x4 (0x7ffe56ec3e40)
      Debug: Off
      Modified Time: 143591456
      Reference Count: 3
      Registered Events: (none)
      Elements:
        -5.50366e-17 0.667517 0.744594 2.38806 
        -1.34553e-16 0.744594 -0.667517 1.4906 
        -1 -1.47169e-16 6.12323e-17 4.17932 
        0 0 0 1 
    
    
[SIMULATOR: I 200406 17:01:12 main:316] Already know about block b'BLOCK_9a41da56-0956-4f2d-80ec-8a046c45912b'
[SIMULATOR: I 200406 17:01:12 main:324] Moving block b'BLOCK_9a41da56-0956-4f2d-80ec-8a046c45912b' to new location vtkMatrix4x4 (0x7ffe581417f0)
      Debug: Off
      Modified Time: 143644907
      Reference Count: 3
      Registered Events: (none)
      Elements:
        7.48873e-17 0.447214 0.894427 1.9953 
        4.24544e-17 0.894427 -0.447214 1.4906 
        -1 2.55524e-17 6.12323e-17 4.17932 
        0 0 0 1 
    
    
[SIMULATOR: I 200406 17:01:13 main:316] Already know about block b'BLOCK_9a41da56-0956-4f2d-80ec-8a046c45912b'
[SIMULATOR: I 200406 17:01:13 main:324] Moving block b'BLOCK_9a41da56-0956-4f2d-80ec-8a046c45912b' to new location vtkMatrix4x4 (0x7ffe56ed1da0)
      Debug: Off
      Modified Time: 143908521
      Reference Count: 3
      Registered Events: (none)
      Elements:
        5.53965e-17 0.102965 0.994685 1.60254 
        -8.63047e-17 0.994685 -0.102965 1.4906 
        -1 -3.41563e-17 6.12323e-17 4.17932 
        0 0 0 1 
    
    
[SIMULATOR: I 200406 17:01:13 main:316] Already know about block b'BLOCK_9a41da56-0956-4f2d-80ec-8a046c45912b'
[SIMULATOR: I 200406 17:01:13 main:324] Moving block b'BLOCK_9a41da56-0956-4f2d-80ec-8a046c45912b' to new location vtkMatrix4x4 (0x7ffe56cdec50)
      Debug: Off
      Modified Time: 144119562
      Reference Count: 3
      Registered Events: (none)
      Elements:
        6.12323e-17 1.79742e-15 1 1.5 
        4.68346e-16 1 -1.79742e-15 1.4906 
        -1 4.96105e-16 6.12323e-17 4.17932 
        0 0 0 1 
    
    
[SIMULATOR: I 200406 17:01:14 main:316] Already know about block b'BLOCK_9a41da56-0956-4f2d-80ec-8a046c45912b'
[SIMULATOR: I 200406 17:01:14 main:324] Moving block b'BLOCK_9a41da56-0956-4f2d-80ec-8a046c45912b' to new location vtkMatrix4x4 (0x7ffe56ec68a0)
      Debug: Off
      Modified Time: 144251571
      Reference Count: 3
      Registered Events: (none)
      Elements:
        2.741e-17 -0.114706 0.993399 1.39746 
        2.5733e-16 0.993399 0.114706 1.38806 
        -1 2.6589e-16 6.12323e-17 4.07678 
        0 0 0 1 
    
    
[SIMULATOR: I 200406 17:01:14 main:316] Already know about block b'BLOCK_9a41da56-0956-4f2d-80ec-8a046c45912b'
[SIMULATOR: I 200406 17:01:14 main:324] Moving block b'BLOCK_9a41da56-0956-4f2d-80ec-8a046c45912b' to new location vtkMatrix4x4 (0x7ffe584cb300)
      Debug: Off
      Modified Time: 144383580
      Reference Count: 3
      Registered Events: (none)
      Elements:
        -6.35049e-16 -0.707107 0.707107 1.0047 
        7.11049e-16 0.707107 0.707107 0.9953 
        -1 9.40181e-16 6.12323e-17 3.68402 
        0 0 0 1 
    
    
[SIMULATOR: I 200406 17:01:14 main:316] Already know about block b'BLOCK_9a41da56-0956-4f2d-80ec-8a046c45912b'
[SIMULATOR: I 200406 17:01:14 main:324] Moving block b'BLOCK_9a41da56-0956-4f2d-80ec-8a046c45912b' to new location vtkMatrix4x4 (0x7ffe5814c200)
      Debug: Off
      Modified Time: 144541979
      Reference Count: 3
      Registered Events: (none)
      Elements:
        -5.74937e-17 -0.993399 0.114706 0.611943 
        7.93841e-17 0.114706 0.993399 0.602543 
        -1 5.55818e-17 6.12323e-17 3.29126 
        0 0 0 1 
    
    
[SIMULATOR: I 200406 17:01:15 main:316] Already know about block b'BLOCK_9a41da56-0956-4f2d-80ec-8a046c45912b'
[SIMULATOR: I 200406 17:01:15 main:324] Moving block b'BLOCK_9a41da56-0956-4f2d-80ec-8a046c45912b' to new location vtkMatrix4x4 (0x7ffe58595230)
      Debug: Off
      Modified Time: 144700309
      Reference Count: 3
      Registered Events: (none)
      Elements:
        5.90096e-17 -1 3.45313e-15 0.5094 
        6.12323e-17 3.45313e-15 1 0.5 
        -1 -6.67265e-17 6.12323e-17 3.18872 
        0 0 0 1 
    
    
[SIMULATOR: I 200406 17:01:15 main:316] Already know about block b'BLOCK_9a41da56-0956-4f2d-80ec-8a046c45912b'
[SIMULATOR: I 200406 17:01:15 main:324] Moving block b'BLOCK_9a41da56-0956-4f2d-80ec-8a046c45912b' to new location vtkMatrix4x4 (0x7ffe577c8160)
      Debug: Off
      Modified Time: 144911281
      Reference Count: 3
      Registered Events: (none)
      Elements:
        5.90096e-17 -1 3.45313e-15 0.5094 
        6.12323e-17 3.45313e-15 1 0.5 
        -1 -6.67265e-17 6.12323e-17 3.18872 
        0 0 0 1 
    
    
[SIMULATOR: I 200406 17:01:15 main:316] Already know about block b'BLOCK_9a41da56-0956-4f2d-80ec-8a046c45912b'
[SIMULATOR: I 200406 17:01:15 main:324] Moving block b'BLOCK_9a41da56-0956-4f2d-80ec-8a046c45912b' to new location vtkMatrix4x4 (0x7ffe584a6020)
      Debug: Off
      Modified Time: 145096001
      Reference Count: 3
      Registered Events: (none)
      Elements:
        -1.61818e-16 -1 3.23109e-15 0.5094 
        6.12323e-17 3.23109e-15 1 0.5 
        -1 1.58159e-16 6.12323e-17 3.06567 
        0 0 0 1 
    
    
[SIMULATOR: I 200406 17:01:15 main:316] Already know about block b'BLOCK_9a41da56-0956-4f2d-80ec-8a046c45912b'
[SIMULATOR: I 200406 17:01:15 main:324] Moving block b'BLOCK_9a41da56-0956-4f2d-80ec-8a046c45912b' to new location vtkMatrix4x4 (0x7ffe585a3d80)
      Debug: Off
      Modified Time: 145096124
      Reference Count: 3
      Registered Events: (none)
      Elements:
        4.00241e-16 -1 1.89882e-15 0.5094 
        6.12323e-17 1.89882e-15 1 0.5 
        -1 -3.78276e-16 6.12323e-17 2.59436 
        0 0 0 1 
    
    
[SIMULATOR: I 200406 17:01:16 main:316] Already know about block b'BLOCK_9a41da56-0956-4f2d-80ec-8a046c45912b'
[SIMULATOR: I 200406 17:01:16 main:324] Moving block b'BLOCK_9a41da56-0956-4f2d-80ec-8a046c45912b' to new location vtkMatrix4x4 (0x7ffe56f2e6f0)
      Debug: Off
      Modified Time: 145228414
      Reference Count: 3
      Registered Events: (none)
      Elements:
        -5.54942e-16 -1 7.88598e-16 0.5094 
        6.12323e-17 7.88598e-16 1 0.5 
        -1 5.97928e-16 6.12323e-17 2.12305 
        0 0 0 1 
    
    
[SIMULATOR: I 200406 17:01:16 main:316] Already know about block b'BLOCK_9a41da56-0956-4f2d-80ec-8a046c45912b'
[SIMULATOR: I 200406 17:01:16 main:324] Moving block b'BLOCK_9a41da56-0956-4f2d-80ec-8a046c45912b' to new location vtkMatrix4x4 (0x7ffe58629250)
      Debug: Off
      Modified Time: 145413065
      Reference Count: 3
      Registered Events: (none)
      Elements:
        3.23497e-16 -1 1.22465e-16 0.5094 
        6.12323e-17 1.22465e-16 1 0.5 
        -1 -3.32358e-16 6.12323e-17 2 
        0 0 0 1 
    
    
[SIMULATOR: I 200406 17:01:20 main:316] Already know about block b'BLOCK_5e35896d-1e49-460d-889e-7a7ef35fd354'
[SIMULATOR: I 200406 17:01:20 main:324] Moving block b'BLOCK_5e35896d-1e49-460d-889e-7a7ef35fd354' to new location vtkMatrix4x4 (0x7ffe5814c7e0)
      Debug: Off
      Modified Time: 147049273
      Reference Count: 3
      Registered Events: (none)
      Elements:
        -1.44361e-16 -0.707107 -0.707107 0.5094 
        -9.88504e-17 -0.707107 0.707107 0.5094 
        -1 9.14757e-17 6.12323e-17 2 
        0 0 0 1 
    
    
[SIMULATOR: I 200406 17:01:20 main:316] Already know about block b'BLOCK_5e35896d-1e49-460d-889e-7a7ef35fd354'
[SIMULATOR: I 200406 17:01:20 main:324] Moving block b'BLOCK_5e35896d-1e49-460d-889e-7a7ef35fd354' to new location vtkMatrix4x4 (0x7ffe577fb940)
      Debug: Off
      Modified Time: 147049401
      Reference Count: 3
      Registered Events: (none)
      Elements:
        -4.80893e-17 -0.707107 -0.707107 0.5094 
        -1.20024e-17 -0.707107 0.707107 0.5094 
        -1 2.02559e-18 6.12323e-17 2.12305 
        0 0 0 1 
    
    
[SIMULATOR: I 200406 17:01:20 main:316] Already know about block b'BLOCK_5e35896d-1e49-460d-889e-7a7ef35fd354'
[SIMULATOR: I 200406 17:01:20 main:324] Moving block b'BLOCK_5e35896d-1e49-460d-889e-7a7ef35fd354' to new location vtkMatrix4x4 (0x7ffe585aa6f0)
      Debug: Off
      Modified Time: 147076126
      Reference Count: 3
      Registered Events: (none)
      Elements:
        -7.74621e-17 -0.707107 -0.707107 0.5094 
        -3.42572e-17 -0.707107 0.707107 0.5094 
        -1 -1.80784e-17 6.12323e-17 2.59436 
        0 0 0 1 
    
    
[SIMULATOR: I 200406 17:01:21 main:316] Already know about block b'BLOCK_5e35896d-1e49-460d-889e-7a7ef35fd354'
[SIMULATOR: I 200406 17:01:21 main:324] Moving block b'BLOCK_5e35896d-1e49-460d-889e-7a7ef35fd354' to new location vtkMatrix4x4 (0x7ffe58615be0)
      Debug: Off
      Modified Time: 147182159
      Reference Count: 3
      Registered Events: (none)
      Elements:
        -2.53342e-17 -0.707107 -0.707107 0.5094 
        7.12398e-17 -0.707107 0.707107 0.5094 
        -1 -1.55085e-16 6.12323e-17 3.18872 
        0 0 0 1 
    
    
[SIMULATOR: I 200406 17:01:21 main:316] Already know about block b'BLOCK_5e35896d-1e49-460d-889e-7a7ef35fd354'
[SIMULATOR: I 200406 17:01:21 main:324] Moving block b'BLOCK_5e35896d-1e49-460d-889e-7a7ef35fd354' to new location vtkMatrix4x4 (0x7ffe54405150)
      Debug: Off
      Modified Time: 147261526
      Reference Count: 3
      Registered Events: (none)
      Elements:
        -4.11861e-16 -0.667517 -0.744594 0.611943 
        -3.2822e-16 -0.744594 0.667517 0.5094 
        -1 4.72362e-16 6.12323e-17 3.18872 
        0 0 0 1 
    
    
[SIMULATOR: I 200406 17:01:21 main:316] Already know about block b'BLOCK_5e35896d-1e49-460d-889e-7a7ef35fd354'
[SIMULATOR: I 200406 17:01:21 main:324] Moving block b'BLOCK_5e35896d-1e49-460d-889e-7a7ef35fd354' to new location vtkMatrix4x4 (0x7ffe56c517f0)
      Debug: Off
      Modified Time: 147367214
      Reference Count: 3
      Registered Events: (none)
      Elements:
        -6.1807e-17 -0.102965 -0.994685 1.39746 
        -4.65765e-17 -0.994685 0.102965 0.5094 
        -1 2.17334e-17 6.12323e-17 3.18872 
        0 0 0 1 
    
    
[SIMULATOR: I 200406 17:01:21 main:316] Already know about block b'BLOCK_5e35896d-1e49-460d-889e-7a7ef35fd354'
[SIMULATOR: I 200406 17:01:21 main:324] Moving block b'BLOCK_5e35896d-1e49-460d-889e-7a7ef35fd354' to new location vtkMatrix4x4 (0x7ffe5815dc00)
      Debug: Off
      Modified Time: 147367337
      Reference Count: 3
      Registered Events: (none)
      Elements:
        -6.12323e-17 -3.04739e-15 -1 1.5 
        -6.94709e-18 -1 3.04739e-15 0.5094 
        -1 -6.94709e-18 6.12323e-17 3.18872 
        0 0 0 1 
    
    
[SIMULATOR: I 200406 17:01:21 main:316] Already know about block b'BLOCK_5e35896d-1e49-460d-889e-7a7ef35fd354'
[SIMULATOR: I 200406 17:01:21 main:324] Moving block b'BLOCK_5e35896d-1e49-460d-889e-7a7ef35fd354' to new location vtkMatrix4x4 (0x7ffe58575ce0)
      Debug: Off
      Modified Time: 147394062
      Reference Count: 3
      Registered Events: (none)
      Elements:
        -6.12323e-17 -3.04739e-15 -1 1.5 
        -6.94709e-18 -1 3.04739e-15 0.5094 
        -1 -6.94709e-18 6.12323e-17 3.18872 
        0 0 0 1 
    
    
[SIMULATOR: I 200406 17:01:21 main:316] Already know about block b'BLOCK_5e35896d-1e49-460d-889e-7a7ef35fd354'
[SIMULATOR: I 200406 17:01:21 main:324] Moving block b'BLOCK_5e35896d-1e49-460d-889e-7a7ef35fd354' to new location vtkMatrix4x4 (0x7ffe56ccea10)
      Debug: Off
      Modified Time: 147420793
      Reference Count: 3
      Registered Events: (none)
      Elements:
        -3.58881e-17 0.114706 -0.993399 1.60254 
        -1.97216e-16 -0.993399 -0.114706 0.611943 
        -1 1.35059e-16 6.12323e-17 3.18872 
        0 0 0 1 
    
    
[SIMULATOR: I 200406 17:01:21 main:316] Already know about block b'BLOCK_5e35896d-1e49-460d-889e-7a7ef35fd354'
[SIMULATOR: I 200406 17:01:21 main:324] Moving block b'BLOCK_5e35896d-1e49-460d-889e-7a7ef35fd354' to new location vtkMatrix4x4 (0x7ffe584c49b0)
      Debug: Off
      Modified Time: 147474183
      Reference Count: 3
      Registered Events: (none)
      Elements:
        -7.95295e-17 0.707107 -0.707107 1.9953 
        -1.94607e-17 -0.707107 -0.707107 1.0047 
        -1 2.73951e-17 6.12323e-17 3.18872 
        0 0 0 1 
    
    
[SIMULATOR: I 200406 17:01:21 main:316] Already know about block b'BLOCK_5e35896d-1e49-460d-889e-7a7ef35fd354'
[SIMULATOR: I 200406 17:01:21 main:324] Moving block b'BLOCK_5e35896d-1e49-460d-889e-7a7ef35fd354' to new location vtkMatrix4x4 (0x7ffe58631570)
      Debug: Off
      Modified Time: 147527229
      Reference Count: 3
      Registered Events: (none)
      Elements:
        7.27165e-16 0.993399 -0.114706 2.38806 
        -1.30777e-16 -0.114706 -0.993399 1.39746 
        -1 6.36611e-16 6.12323e-17 3.18872 
        0 0 0 1 
    
    
[SIMULATOR: I 200406 17:01:22 main:316] Already know about block b'BLOCK_5e35896d-1e49-460d-889e-7a7ef35fd354'
[SIMULATOR: I 200406 17:01:22 main:324] Moving block b'BLOCK_5e35896d-1e49-460d-889e-7a7ef35fd354' to new location vtkMatrix4x4 (0x7ffe584c42b0)
      Debug: Off
      Modified Time: 147685558
      Reference Count: 3
      Registered Events: (none)
      Elements:
        -4.52408e-17 1 -3.55271e-15 2.4906 
        -6.12323e-17 -3.55271e-15 -1 1.5 
        -1 -2.49841e-17 6.12323e-17 3.18872 
        0 0 0 1 
    
    
[SIMULATOR: I 200406 17:01:22 main:316] Already know about block b'BLOCK_5e35896d-1e49-460d-889e-7a7ef35fd354'
[SIMULATOR: I 200406 17:01:22 main:324] Moving block b'BLOCK_5e35896d-1e49-460d-889e-7a7ef35fd354' to new location vtkMatrix4x4 (0x7ffe585ad8f0)
      Debug: Off
      Modified Time: 147764925
      Reference Count: 3
      Registered Events: (none)
      Elements:
        -2.59007e-16 0.995629 0.0933953 2.59314 
        -8.82091e-17 0.0933953 -0.995629 1.60254 
        -1 -2.90552e-16 6.12323e-17 3.29126 
        0 0 0 1 
    
    
[SIMULATOR: I 200406 17:01:22 main:316] Already know about block b'BLOCK_5e35896d-1e49-460d-889e-7a7ef35fd354'
[SIMULATOR: I 200406 17:01:22 main:324] Moving block b'BLOCK_5e35896d-1e49-460d-889e-7a7ef35fd354' to new location vtkMatrix4x4 (0x7ffe56f2e6f0)
      Debug: Off
      Modified Time: 147817971
      Reference Count: 3
      Registered Events: (none)
      Elements:
        -9.35587e-17 0.948683 0.316228 2.9859 
        -9.47534e-17 0.316228 -0.948683 1.9953 
        -1 -1.39531e-16 6.12323e-17 3.68402 
        0 0 0 1 
    
    
[SIMULATOR: I 200406 17:01:22 main:316] Already know about block b'BLOCK_5e35896d-1e49-460d-889e-7a7ef35fd354'
[SIMULATOR: I 200406 17:01:22 main:324] Moving block b'BLOCK_5e35896d-1e49-460d-889e-7a7ef35fd354' to new location vtkMatrix4x4 (0x7ffe56ec4090)
      Debug: Off
      Modified Time: 147923728
      Reference Count: 3
      Registered Events: (none)
      Elements:
        8.37818e-17 0.904079 0.427366 3.37866 
        -2.86315e-17 0.427366 -0.904079 2.38806 
        -1 6.27433e-17 6.12323e-17 4.07678 
        0 0 0 1 
    
    
