[SIMULATOR: I 200331 12:10:47 main:518] Collecting updates from simulator...
[SIMULATOR: I 200331 12:10:47 main:483] Started worker thread
[SIMULATOR: I 200331 12:11:17 main:279] Already know about block b'BLOCK_a7f12217-65a1-4e16-86ef-94d52fc99ed1'
[SIMULATOR: I 200331 12:11:17 main:287] Moving block b'BLOCK_a7f12217-65a1-4e16-86ef-94d52fc99ed1' to new location vtkMatrix4x4 (0x7fe90e5cc910)
      Debug: Off
      Modified Time: 15500479
      Reference Count: 3
      Registered Events: (none)
      Elements:
        -1.39143e-16 -0.707107 0.707107 3.5094 
        2.80244e-16 0.707107 0.707107 3.4906 
        -1 3.67656e-16 6.12323e-17 1.9906 
        0 0 0 1 
    
    
[SIMULATOR: I 200331 12:11:17 main:279] Already know about block b'BLOCK_a7f12217-65a1-4e16-86ef-94d52fc99ed1'
[SIMULATOR: I 200331 12:11:17 main:287] Moving block b'BLOCK_a7f12217-65a1-4e16-86ef-94d52fc99ed1' to new location vtkMatrix4x4 (0x7fe90e5cca10)
      Debug: Off
      Modified Time: 15616701
      Reference Count: 3
      Registered Events: (none)
      Elements:
        4.79976e-17 -0.707107 0.707107 3.5094 
        6.08504e-17 0.707107 0.707107 3.4906 
        -1 4.03644e-17 6.12323e-17 2.11365 
        0 0 0 1 
    
    
[SIMULATOR: I 200331 12:11:18 main:279] Already know about block b'BLOCK_a7f12217-65a1-4e16-86ef-94d52fc99ed1'
[SIMULATOR: I 200331 12:11:18 main:287] Moving block b'BLOCK_a7f12217-65a1-4e16-86ef-94d52fc99ed1' to new location vtkMatrix4x4 (0x7fe90e0c83c0)
      Debug: Off
      Modified Time: 15848810
      Reference Count: 3
      Registered Events: (none)
      Elements:
        -2.31522e-16 -0.707107 0.707107 3.5094 
        2.46802e-16 0.707107 0.707107 3.4906 
        -1 3.51406e-16 6.12323e-17 2.58496 
        0 0 0 1 
    
    
[SIMULATOR: I 200331 12:11:18 main:279] Already know about block b'BLOCK_a7f12217-65a1-4e16-86ef-94d52fc99ed1'
[SIMULATOR: I 200331 12:11:18 main:287] Moving block b'BLOCK_a7f12217-65a1-4e16-86ef-94d52fc99ed1' to new location vtkMatrix4x4 (0x7fe90e1dcf80)
      Debug: Off
      Modified Time: 15945729
      Reference Count: 3
      Registered Events: (none)
      Elements:
        -3.69234e-16 -0.707107 0.707107 3.5094 
        4.1428e-16 0.707107 0.707107 3.4906 
        -1 5.38167e-16 6.12323e-17 3.05627 
        0 0 0 1 
    
    
[SIMULATOR: I 200331 12:11:18 main:279] Already know about block b'BLOCK_a7f12217-65a1-4e16-86ef-94d52fc99ed1'
[SIMULATOR: I 200331 12:11:18 main:287] Moving block b'BLOCK_a7f12217-65a1-4e16-86ef-94d52fc99ed1' to new location vtkMatrix4x4 (0x7fe90e1d2c50)
      Debug: Off
      Modified Time: 16119860
      Reference Count: 3
      Registered Events: (none)
      Elements:
        -1.72052e-16 -0.707107 0.707107 3.5094 
        2.26236e-16 0.707107 0.707107 3.4906 
        -1 2.94742e-16 6.12323e-17 3.17932 
        0 0 0 1 
    
    
[SIMULATOR: I 200331 12:11:18 main:279] Already know about block b'BLOCK_a7f12217-65a1-4e16-86ef-94d52fc99ed1'
[SIMULATOR: I 200331 12:11:18 main:287] Moving block b'BLOCK_a7f12217-65a1-4e16-86ef-94d52fc99ed1' to new location vtkMatrix4x4 (0x7fe90e2e8020)
      Debug: Off
      Modified Time: 16119988
      Reference Count: 3
      Registered Events: (none)
      Elements:
        -1.72052e-16 -0.707107 0.707107 3.5094 
        2.26236e-16 0.707107 0.707107 3.4906 
        -1 2.94742e-16 6.12323e-17 3.17932 
        0 0 0 1 
    
    
[SIMULATOR: I 200331 12:11:19 main:279] Already know about block b'BLOCK_a7f12217-65a1-4e16-86ef-94d52fc99ed1'
[SIMULATOR: I 200331 12:11:19 main:287] Moving block b'BLOCK_a7f12217-65a1-4e16-86ef-94d52fc99ed1' to new location vtkMatrix4x4 (0x7fe90e1d2c50)
      Debug: Off
      Modified Time: 16313767
      Reference Count: 3
      Registered Events: (none)
      Elements:
        -1.65514e-16 -0.744594 0.667517 3.5094 
        2.94847e-16 0.667517 0.744594 3.38806 
        -1 3.19488e-16 6.12323e-17 3.07678 
        0 0 0 1 
    
    
[SIMULATOR: I 200331 12:11:19 main:279] Already know about block b'BLOCK_a7f12217-65a1-4e16-86ef-94d52fc99ed1'
[SIMULATOR: I 200331 12:11:19 main:287] Moving block b'BLOCK_a7f12217-65a1-4e16-86ef-94d52fc99ed1' to new location vtkMatrix4x4 (0x7fe90cd63060)
      Debug: Off
      Modified Time: 16429989
      Reference Count: 3
      Registered Events: (none)
      Elements:
        -1.08679e-16 -0.894427 0.447214 3.5094 
        1.10902e-16 0.447214 0.894427 2.9953 
        -1 9.03376e-17 6.12323e-17 2.68402 
        0 0 0 1 
    
    
[SIMULATOR: I 200331 12:11:19 main:279] Already know about block b'BLOCK_a7f12217-65a1-4e16-86ef-94d52fc99ed1'
[SIMULATOR: I 200331 12:11:19 main:287] Moving block b'BLOCK_a7f12217-65a1-4e16-86ef-94d52fc99ed1' to new location vtkMatrix4x4 (0x7fe90e1cdce0)
      Debug: Off
      Modified Time: 16604120
      Reference Count: 3
      Registered Events: (none)
      Elements:
        4.03743e-16 -0.994685 0.102965 3.5094 
        2.2894e-17 0.102965 0.994685 2.60254 
        -1 -3.47679e-16 6.12323e-17 2.29126 
        0 0 0 1 
    
    
[SIMULATOR: I 200331 12:11:20 main:279] Already know about block b'BLOCK_a7f12217-65a1-4e16-86ef-94d52fc99ed1'
[SIMULATOR: I 200331 12:11:20 main:287] Moving block b'BLOCK_a7f12217-65a1-4e16-86ef-94d52fc99ed1' to new location vtkMatrix4x4 (0x7fe90e1cbd30)
      Debug: Off
      Modified Time: 16681736
      Reference Count: 3
      Registered Events: (none)
      Elements:
        -2.35635e-17 -1 3.45313e-15 3.5094 
        6.12323e-17 3.45313e-15 1 2.5 
        -1 3.19476e-17 6.12323e-17 2.18872 
        0 0 0 1 
    
    
[SIMULATOR: I 200331 12:11:20 main:279] Already know about block b'BLOCK_a7f12217-65a1-4e16-86ef-94d52fc99ed1'
[SIMULATOR: I 200331 12:11:20 main:287] Moving block b'BLOCK_a7f12217-65a1-4e16-86ef-94d52fc99ed1' to new location vtkMatrix4x4 (0x7fe90e1d4020)
      Debug: Off
      Modified Time: 16836633
      Reference Count: 3
      Registered Events: (none)
      Elements:
        -2.35635e-17 -1 3.45313e-15 3.5094 
        6.12323e-17 3.45313e-15 1 2.5 
        -1 3.19476e-17 6.12323e-17 2.18872 
        0 0 0 1 
    
    
[SIMULATOR: I 200331 12:11:20 main:279] Already know about block b'BLOCK_a7f12217-65a1-4e16-86ef-94d52fc99ed1'
[SIMULATOR: I 200331 12:11:20 main:287] Moving block b'BLOCK_a7f12217-65a1-4e16-86ef-94d52fc99ed1' to new location vtkMatrix4x4 (0x7fe90e19d230)
      Debug: Off
      Modified Time: 17010764
      Reference Count: 3
      Registered Events: (none)
      Elements:
        -5.57071e-17 -1 3.45313e-15 3.5094 
        6.12323e-17 3.45313e-15 1 2.5 
        -1 9.846e-17 6.12323e-17 2.06567 
        0 0 0 1 
    
    
[SIMULATOR: I 200331 12:11:21 main:279] Already know about block b'BLOCK_a7f12217-65a1-4e16-86ef-94d52fc99ed1'
[SIMULATOR: I 200331 12:11:21 main:287] Moving block b'BLOCK_a7f12217-65a1-4e16-86ef-94d52fc99ed1' to new location vtkMatrix4x4 (0x7fe90e588720)
      Debug: Off
      Modified Time: 17126986
      Reference Count: 3
      Registered Events: (none)
      Elements:
        1.39003e-16 -1 2.56496e-15 3.5094 
        6.12323e-17 2.56496e-15 1 2.5 
        -1 -1.84466e-16 6.12323e-17 1.59436 
        0 0 0 1 
    
    
[SIMULATOR: I 200331 12:11:21 main:279] Already know about block b'BLOCK_a7f12217-65a1-4e16-86ef-94d52fc99ed1'
[SIMULATOR: I 200331 12:11:21 main:287] Moving block b'BLOCK_a7f12217-65a1-4e16-86ef-94d52fc99ed1' to new location vtkMatrix4x4 (0x7fe90e3857c0)
      Debug: Off
      Modified Time: 17127110
      Reference Count: 3
      Registered Events: (none)
      Elements:
        -9.34129e-17 -1 1.01064e-15 3.5094 
        6.12323e-17 1.01064e-15 1 2.5 
        -1 5.68151e-17 6.12323e-17 1.12305 
        0 0 0 1 
    
    
[SIMULATOR: I 200331 12:11:21 main:279] Already know about block b'BLOCK_a7f12217-65a1-4e16-86ef-94d52fc99ed1'
[SIMULATOR: I 200331 12:11:21 main:287] Moving block b'BLOCK_a7f12217-65a1-4e16-86ef-94d52fc99ed1' to new location vtkMatrix4x4 (0x7fe90cd63060)
      Debug: Off
      Modified Time: 17301590
      Reference Count: 3
      Registered Events: (none)
      Elements:
        3.67764e-16 -1 1.22465e-16 3.5094 
        6.12323e-17 1.22465e-16 1 2.5 
        -1 -3.71678e-16 6.12323e-17 1 
        0 0 0 1 
    
    
[SIMULATOR: I 200331 12:11:26 main:279] Already know about block b'BLOCK_a7f12217-65a1-4e16-86ef-94d52fc99ed1'
[SIMULATOR: I 200331 12:11:26 main:287] Moving block b'BLOCK_a7f12217-65a1-4e16-86ef-94d52fc99ed1' to new location vtkMatrix4x4 (0x7fe90e18f1e0)
      Debug: Off
      Modified Time: 19835992
      Reference Count: 3
      Registered Events: (none)
      Elements:
        6.12323e-17 -3.41113e-15 1 3.5 
        -4.83478e-16 1 3.41113e-15 2.4906 
        -1 -4.17261e-16 6.12323e-17 1 
        0 0 0 1 
    
    
[SIMULATOR: I 200331 12:11:26 main:279] Already know about block b'BLOCK_a7f12217-65a1-4e16-86ef-94d52fc99ed1'
[SIMULATOR: I 200331 12:11:26 main:287] Moving block b'BLOCK_a7f12217-65a1-4e16-86ef-94d52fc99ed1' to new location vtkMatrix4x4 (0x7fe90e63d6c0)
      Debug: Off
      Modified Time: 20029424
      Reference Count: 3
      Registered Events: (none)
      Elements:
        6.12323e-17 -3.41113e-15 1 3.5 
        5.27268e-17 1 3.41113e-15 2.4906 
        -1 1.1023e-16 6.12323e-17 1.12305 
        0 0 0 1 
    
    
[SIMULATOR: I 200331 12:11:26 main:279] Already know about block b'BLOCK_a7f12217-65a1-4e16-86ef-94d52fc99ed1'
[SIMULATOR: I 200331 12:11:27 main:287] Moving block b'BLOCK_a7f12217-65a1-4e16-86ef-94d52fc99ed1' to new location vtkMatrix4x4 (0x7fe90e1c7c50)
      Debug: Off
      Modified Time: 20029550
      Reference Count: 3
      Registered Events: (none)
      Elements:
        6.12323e-17 -3.41113e-15 1 3.5 
        -7.54297e-17 1 3.41113e-15 2.4906 
        -1 -5.61484e-17 6.12323e-17 1.59436 
        0 0 0 1 
    
    
[SIMULATOR: I 200331 12:11:27 main:279] Already know about block b'BLOCK_a7f12217-65a1-4e16-86ef-94d52fc99ed1'
[SIMULATOR: I 200331 12:11:27 main:287] Moving block b'BLOCK_a7f12217-65a1-4e16-86ef-94d52fc99ed1' to new location vtkMatrix4x4 (0x7fe90e5d14d0)
      Debug: Off
      Modified Time: 20242630
      Reference Count: 3
      Registered Events: (none)
      Elements:
        6.12323e-17 -3.41113e-15 1 3.5 
        1.81178e-16 1 3.41113e-15 2.4906 
        -1 1.38799e-16 6.12323e-17 2.06567 
        0 0 0 1 
    
    
[SIMULATOR: I 200331 12:11:27 main:279] Already know about block b'BLOCK_a7f12217-65a1-4e16-86ef-94d52fc99ed1'
[SIMULATOR: I 200331 12:11:27 main:287] Moving block b'BLOCK_a7f12217-65a1-4e16-86ef-94d52fc99ed1' to new location vtkMatrix4x4 (0x7fe90e1cdbe0)
      Debug: Off
      Modified Time: 20262335
      Reference Count: 3
      Registered Events: (none)
      Elements:
        6.12323e-17 -3.41113e-15 1 3.5 
        -5.19246e-16 1 3.41113e-15 2.4906 
        -1 -4.92276e-16 6.12323e-17 2.18872 
        0 0 0 1 
    
    
[SIMULATOR: I 200331 12:11:28 main:279] Already know about block b'BLOCK_a7f12217-65a1-4e16-86ef-94d52fc99ed1'
[SIMULATOR: I 200331 12:11:28 main:287] Moving block b'BLOCK_a7f12217-65a1-4e16-86ef-94d52fc99ed1' to new location vtkMatrix4x4 (0x7fe90e393b60)
      Debug: Off
      Modified Time: 20552282
      Reference Count: 3
      Registered Events: (none)
      Elements:
        6.12323e-17 -3.41113e-15 1 3.5 
        -5.19246e-16 1 3.41113e-15 2.4906 
        -1 -4.92276e-16 6.12323e-17 2.18872 
        0 0 0 1 
    
    
[SIMULATOR: I 200331 12:11:28 main:279] Already know about block b'BLOCK_a7f12217-65a1-4e16-86ef-94d52fc99ed1'
[SIMULATOR: I 200331 12:11:28 main:287] Moving block b'BLOCK_a7f12217-65a1-4e16-86ef-94d52fc99ed1' to new location vtkMatrix4x4 (0x7fe90e3795f0)
      Debug: Off
      Modified Time: 20552350
      Reference Count: 3
      Registered Events: (none)
      Elements:
        5.40257e-17 -0.114706 0.993399 3.39746 
        2.31612e-17 0.993399 0.114706 2.38806 
        -1 -7.09147e-18 6.12323e-17 2.18872 
        0 0 0 1 
    
    
[SIMULATOR: I 200331 12:11:28 main:279] Already know about block b'BLOCK_a7f12217-65a1-4e16-86ef-94d52fc99ed1'
[SIMULATOR: I 200331 12:11:28 main:287] Moving block b'BLOCK_a7f12217-65a1-4e16-86ef-94d52fc99ed1' to new location vtkMatrix4x4 (0x7fe90e1d7d40)
      Debug: Off
      Modified Time: 20726886
      Reference Count: 3
      Registered Events: (none)
      Elements:
        -1.85024e-17 -0.707107 0.707107 3.0047 
        5.7167e-17 0.707107 0.707107 1.9953 
        -1 7.02346e-17 6.12323e-17 2.18872 
        0 0 0 1 
    
    
[SIMULATOR: I 200331 12:11:28 main:279] Already know about block b'BLOCK_a7f12217-65a1-4e16-86ef-94d52fc99ed1'
[SIMULATOR: I 200331 12:11:28 main:287] Moving block b'BLOCK_a7f12217-65a1-4e16-86ef-94d52fc99ed1' to new location vtkMatrix4x4 (0x7fe90e38f980)
      Debug: Off
      Modified Time: 20804502
      Reference Count: 3
      Registered Events: (none)
      Elements:
        2.13251e-16 -0.993399 0.114706 2.61194 
        3.31024e-17 0.114706 0.993399 1.60254 
        -1 -2.00534e-16 6.12323e-17 2.18872 
        0 0 0 1 
    
    
[SIMULATOR: I 200331 12:11:29 main:279] Already know about block b'BLOCK_a7f12217-65a1-4e16-86ef-94d52fc99ed1'
[SIMULATOR: I 200331 12:11:29 main:287] Moving block b'BLOCK_a7f12217-65a1-4e16-86ef-94d52fc99ed1' to new location vtkMatrix4x4 (0x7fe90e5d1980)
      Debug: Off
      Modified Time: 21036542
      Reference Count: 3
      Registered Events: (none)
      Elements:
        -2.68534e-17 -1 1.22465e-16 2.5094 
        6.12323e-17 1.22465e-16 1 1.5 
        -1 2.58101e-17 6.12323e-17 2.18872 
        0 0 0 1 
    
    
[SIMULATOR: I 200331 12:11:29 main:279] Already know about block b'BLOCK_a7f12217-65a1-4e16-86ef-94d52fc99ed1'
[SIMULATOR: I 200331 12:11:29 main:287] Moving block b'BLOCK_a7f12217-65a1-4e16-86ef-94d52fc99ed1' to new location vtkMatrix4x4 (0x7fe90e5cca10)
      Debug: Off
      Modified Time: 21114227
      Reference Count: 3
      Registered Events: (none)
      Elements:
        -2.68534e-17 -1 1.22465e-16 2.5094 
        6.12323e-17 1.22465e-16 1 1.5 
        -1 2.58101e-17 6.12323e-17 2.18872 
        0 0 0 1 
    
    
[SIMULATOR: I 200331 12:11:29 main:279] Already know about block b'BLOCK_a7f12217-65a1-4e16-86ef-94d52fc99ed1'
[SIMULATOR: I 200331 12:11:29 main:287] Moving block b'BLOCK_a7f12217-65a1-4e16-86ef-94d52fc99ed1' to new location vtkMatrix4x4 (0x7fe90e5d0bc0)
      Debug: Off
      Modified Time: 21249752
      Reference Count: 3
      Registered Events: (none)
      Elements:
        -1.08981e-16 -0.993399 -0.114706 2.61194 
        5.59642e-17 -0.114706 0.993399 1.39746 
        -1 5.84019e-17 6.12323e-17 2.29126 
        0 0 0 1 
    
    
[SIMULATOR: I 200331 12:11:29 main:279] Already know about block b'BLOCK_a7f12217-65a1-4e16-86ef-94d52fc99ed1'
[SIMULATOR: I 200331 12:11:29 main:287] Moving block b'BLOCK_a7f12217-65a1-4e16-86ef-94d52fc99ed1' to new location vtkMatrix4x4 (0x7fe90e1cd480)
      Debug: Off
      Modified Time: 21423883
      Reference Count: 3
      Registered Events: (none)
      Elements:
        -1.13899e-16 -0.707107 -0.707107 3.0047 
        3.54506e-18 -0.707107 0.707107 1.0047 
        -1 7.00598e-17 6.12323e-17 2.68402 
        0 0 0 1 
    
    
[SIMULATOR: I 200331 12:11:30 main:279] Already know about block b'BLOCK_a7f12217-65a1-4e16-86ef-94d52fc99ed1'
[SIMULATOR: I 200331 12:11:30 main:287] Moving block b'BLOCK_a7f12217-65a1-4e16-86ef-94d52fc99ed1' to new location vtkMatrix4x4 (0x7fe90e19d230)
      Debug: Off
      Modified Time: 21636689
      Reference Count: 3
      Registered Events: (none)
      Elements:
        -5.03502e-17 -0.114706 -0.993399 3.39746 
        1.00213e-16 -0.993399 0.114706 0.611943 
        -1 -5.39684e-17 6.12323e-17 3.07678 
        0 0 0 1 
    
    
[SIMULATOR: I 200331 12:11:30 main:279] Already know about block b'BLOCK_a7f12217-65a1-4e16-86ef-94d52fc99ed1'
[SIMULATOR: I 200331 12:11:30 main:287] Moving block b'BLOCK_a7f12217-65a1-4e16-86ef-94d52fc99ed1' to new location vtkMatrix4x4 (0x7fe90e1d87f0)
      Debug: Off
      Modified Time: 21714305
      Reference Count: 3
      Registered Events: (none)
      Elements:
        -6.12323e-17 -7.0442e-15 -1 3.5 
        2.15257e-16 -1 7.0442e-15 0.5094 
        -1 -2.81052e-16 6.12323e-17 3.17932 
        0 0 0 1 
    
    
[SIMULATOR: I 200331 12:11:30 main:279] Already know about block b'BLOCK_a7f12217-65a1-4e16-86ef-94d52fc99ed1'
[SIMULATOR: I 200331 12:11:30 main:287] Moving block b'BLOCK_a7f12217-65a1-4e16-86ef-94d52fc99ed1' to new location vtkMatrix4x4 (0x7fe90e391420)
      Debug: Off
      Modified Time: 21849830
      Reference Count: 3
      Registered Events: (none)
      Elements:
        -6.12323e-17 -7.0442e-15 -1 3.5 
        2.15257e-16 -1 7.0442e-15 0.5094 
        -1 -2.81052e-16 6.12323e-17 3.17932 
        0 0 0 1 
    
    
[SIMULATOR: I 200331 12:11:30 main:279] Already know about block b'BLOCK_a7f12217-65a1-4e16-86ef-94d52fc99ed1'
[SIMULATOR: I 200331 12:11:30 main:287] Moving block b'BLOCK_a7f12217-65a1-4e16-86ef-94d52fc99ed1' to new location vtkMatrix4x4 (0x7fe90e393730)
      Debug: Off
      Modified Time: 21927446
      Reference Count: 3
      Registered Events: (none)
      Elements:
        -6.12323e-17 -7.0442e-15 -1 3.5 
        2.20325e-16 -1 7.0442e-15 0.5094 
        -1 -2.07686e-16 6.12323e-17 3.05627 
        0 0 0 1 
    
    
[SIMULATOR: I 200331 12:11:31 main:279] Already know about block b'BLOCK_a7f12217-65a1-4e16-86ef-94d52fc99ed1'
[SIMULATOR: I 200331 12:11:31 main:287] Moving block b'BLOCK_a7f12217-65a1-4e16-86ef-94d52fc99ed1' to new location vtkMatrix4x4 (0x7fe90ce7cdd0)
      Debug: Off
      Modified Time: 22063040
      Reference Count: 3
      Registered Events: (none)
      Elements:
        -6.12323e-17 -5.71193e-15 -1 3.5 
        1.97535e-16 -1 5.71193e-15 0.5094 
        -1 -2.03896e-16 6.12323e-17 2.58496 
        0 0 0 1 
    
    
[SIMULATOR: I 200331 12:11:31 main:279] Already know about block b'BLOCK_a7f12217-65a1-4e16-86ef-94d52fc99ed1'
[SIMULATOR: I 200331 12:11:31 main:287] Moving block b'BLOCK_a7f12217-65a1-4e16-86ef-94d52fc99ed1' to new location vtkMatrix4x4 (0x7fe90ce79290)
      Debug: Off
      Modified Time: 22237171
      Reference Count: 3
      Registered Events: (none)
      Elements:
        -6.12323e-17 -5.26784e-15 -1 3.5 
        3.44769e-16 -1 5.26784e-15 0.5094 
        -1 -2.8349e-16 6.12323e-17 2.11365 
        0 0 0 1 
    
    
[SIMULATOR: I 200331 12:11:31 main:279] Already know about block b'BLOCK_a7f12217-65a1-4e16-86ef-94d52fc99ed1'
[SIMULATOR: I 200331 12:11:31 main:287] Moving block b'BLOCK_a7f12217-65a1-4e16-86ef-94d52fc99ed1' to new location vtkMatrix4x4 (0x7fe90e1cd630)
      Debug: Off
      Modified Time: 22295484
      Reference Count: 3
      Registered Events: (none)
      Elements:
        -6.12323e-17 -7.0442e-15 -1 3.5 
        -2.63792e-16 -1 7.0442e-15 0.5094 
        -1 2.11986e-16 6.12323e-17 1.9906 
        0 0 0 1 
    
    

************************************************************************************************************************************
 ____                              
/ ___|_      ____ _ _ __ _ __ ___  
\___ \ \ /\ / / _` | '__| '_ ` _ \ 
 ___) \ V  V / (_| | |  | | | | | |
|____/ \_/\_/ \__,_|_|  |_| |_| |_|
                                   
  ____                _                   _   _               
 / ___|___  _ __  ___| |_ _ __ _   _  ___| |_(_) ___  _ __  _ 
| |   / _ \| '_ \/ __| __| '__| | | |/ __| __| |/ _ \| '_ \(_)
| |__| (_) | | | \__ \ |_| |  | |_| | (__| |_| | (_) | | | |_ 
 \____\___/|_| |_|___/\__|_|   \__,_|\___|\__|_|\___/|_| |_(_)
                                                              
 ____  _                 _       _             
/ ___|(_)_ __ ___  _   _| | __ _| |_ ___  _ __ 
\___ \| | '_ ` _ \| | | | |/ _` | __/ _ \| '__|
 ___) | | | | | | | |_| | | (_| | || (_) | |   
|____/|_|_| |_| |_|\__,_|_|\__,_|\__\___/|_|   
                                               

Authors: Caleb Wagner and Hannan Liang
************************************************************************************************************************************[SIMULATOR: I 200331 12:11:51 main:518] Collecting updates from simulator...
[SIMULATOR: I 200331 12:11:51 main:483] Started worker thread
[SIMULATOR: I 200331 12:12:25 main:279] Already know about block b'BLOCK_429050d7-bd44-4558-bc46-8233253dd961'
[SIMULATOR: I 200331 12:12:25 main:287] Moving block b'BLOCK_429050d7-bd44-4558-bc46-8233253dd961' to new location vtkMatrix4x4 (0x7fb040bbcd80)
      Debug: Off
      Modified Time: 14736794
      Reference Count: 3
      Registered Events: (none)
      Elements:
        -1.03709e-16 -0.707107 0.707107 3.5094 
        2.17086e-16 0.707107 0.707107 3.4906 
        -1 2.60928e-16 6.12323e-17 1 
        0 0 0 1 
    
    
[SIMULATOR: I 200331 12:12:25 main:279] Already know about block b'BLOCK_429050d7-bd44-4558-bc46-8233253dd961'
[SIMULATOR: I 200331 12:12:25 main:287] Moving block b'BLOCK_429050d7-bd44-4558-bc46-8233253dd961' to new location vtkMatrix4x4 (0x7fb040bb9ac0)
      Debug: Off
      Modified Time: 14775382
      Reference Count: 3
      Registered Events: (none)
      Elements:
        -6.96972e-17 -0.707107 0.707107 3.5094 
        1.84816e-16 0.707107 0.707107 3.4906 
        -1 1.09498e-16 6.12323e-17 1.12305 
        0 0 0 1 
    
    
[SIMULATOR: I 200331 12:12:26 main:279] Already know about block b'BLOCK_429050d7-bd44-4558-bc46-8233253dd961'
[SIMULATOR: I 200331 12:12:26 main:287] Moving block b'BLOCK_429050d7-bd44-4558-bc46-8233253dd961' to new location vtkMatrix4x4 (0x7fb040ba9d50)
      Debug: Off
      Modified Time: 14909430
      Reference Count: 3
      Registered Events: (none)
      Elements:
        -2.25906e-16 -0.707107 0.707107 3.5094 
        3.39672e-16 0.707107 0.707107 3.4906 
        -1 4.4517e-16 6.12323e-17 1.59436 
        0 0 0 1 
    
    
[SIMULATOR: I 200331 12:12:26 main:279] Already know about block b'BLOCK_429050d7-bd44-4558-bc46-8233253dd961'
[SIMULATOR: I 200331 12:12:26 main:287] Moving block b'BLOCK_429050d7-bd44-4558-bc46-8233253dd961' to new location vtkMatrix4x4 (0x7fb03f5fb230)
      Debug: Off
      Modified Time: 15062570
      Reference Count: 3
      Registered Events: (none)
      Elements:
        1.29784e-16 -0.707107 0.707107 3.5094 
        -9.13876e-17 0.707107 0.707107 3.4906 
        -1 -1.33332e-16 6.12323e-17 2.06567 
        0 0 0 1 
    
    
[SIMULATOR: I 200331 12:12:26 main:279] Already know about block b'BLOCK_429050d7-bd44-4558-bc46-8233253dd961'
[SIMULATOR: I 200331 12:12:26 main:287] Moving block b'BLOCK_429050d7-bd44-4558-bc46-8233253dd961' to new location vtkMatrix4x4 (0x7fb040bb0520)
      Debug: Off
      Modified Time: 15177595
      Reference Count: 3
      Registered Events: (none)
      Elements:
        -4.9483e-16 -0.707107 0.707107 3.5094 
        6.15233e-16 0.707107 0.707107 3.4906 
        -1 7.54923e-16 6.12323e-17 2.18872 
        0 0 0 1 
    
    
[SIMULATOR: I 200331 12:12:26 main:279] Already know about block b'BLOCK_429050d7-bd44-4558-bc46-8233253dd961'
[SIMULATOR: I 200331 12:12:26 main:287] Moving block b'BLOCK_429050d7-bd44-4558-bc46-8233253dd961' to new location vtkMatrix4x4 (0x7fb040f01870)
      Debug: Off
      Modified Time: 15330735
      Reference Count: 3
      Registered Events: (none)
      Elements:
        -4.9483e-16 -0.707107 0.707107 3.5094 
        6.15233e-16 0.707107 0.707107 3.4906 
        -1 7.54923e-16 6.12323e-17 2.18872 
        0 0 0 1 
    
    
[SIMULATOR: I 200331 12:12:27 main:279] Already know about block b'BLOCK_429050d7-bd44-4558-bc46-8233253dd961'
[SIMULATOR: I 200331 12:12:27 main:287] Moving block b'BLOCK_429050d7-bd44-4558-bc46-8233253dd961' to new location vtkMatrix4x4 (0x7fb040bc3d20)
      Debug: Off
      Modified Time: 15464783
      Reference Count: 3
      Registered Events: (none)
      Elements:
        -1.27189e-16 -0.744594 0.667517 3.5094 
        1.87677e-16 0.667517 0.744594 3.38806 
        -1 3.11004e-16 6.12323e-17 2.18872 
        0 0 0 1 
    
    
[SIMULATOR: I 200331 12:12:27 main:279] Already know about block b'BLOCK_429050d7-bd44-4558-bc46-8233253dd961'
[SIMULATOR: I 200331 12:12:27 main:287] Moving block b'BLOCK_429050d7-bd44-4558-bc46-8233253dd961' to new location vtkMatrix4x4 (0x7fb040d806f0)
      Debug: Off
      Modified Time: 15598831
      Reference Count: 3
      Registered Events: (none)
      Elements:
        1.41628e-16 -0.894427 0.447214 3.5094 
        -4.21531e-17 0.447214 0.894427 2.9953 
        -1 -9.55522e-17 6.12323e-17 2.18872 
        0 0 0 1 
    
    
[SIMULATOR: I 200331 12:12:27 main:279] Already know about block b'BLOCK_429050d7-bd44-4558-bc46-8233253dd961'
[SIMULATOR: I 200331 12:12:27 main:287] Moving block b'BLOCK_429050d7-bd44-4558-bc46-8233253dd961' to new location vtkMatrix4x4 (0x7fb040d72190)
      Debug: Off
      Modified Time: 15732948
      Reference Count: 3
      Registered Events: (none)
      Elements:
        -2.8784e-17 -0.994685 0.102965 3.5094 
        7.84831e-17 0.102965 0.994685 2.60254 
        -1 5.42153e-17 6.12323e-17 2.18872 
        0 0 0 1 
    
    
[SIMULATOR: I 200331 12:12:28 main:279] Already know about block b'BLOCK_429050d7-bd44-4558-bc46-8233253dd961'
[SIMULATOR: I 200331 12:12:28 main:287] Moving block b'BLOCK_429050d7-bd44-4558-bc46-8233253dd961' to new location vtkMatrix4x4 (0x7fb041000800)
      Debug: Off
      Modified Time: 15905180
      Reference Count: 3
      Registered Events: (none)
      Elements:
        -4.34698e-17 -1 3.45313e-15 3.5094 
        6.12323e-17 3.45313e-15 1 2.5 
        -1 2.96027e-17 6.12323e-17 2.18872 
        0 0 0 1 
    
    
[SIMULATOR: I 200331 12:12:28 main:279] Already know about block b'BLOCK_429050d7-bd44-4558-bc46-8233253dd961'
[SIMULATOR: I 200331 12:12:28 main:287] Moving block b'BLOCK_429050d7-bd44-4558-bc46-8233253dd961' to new location vtkMatrix4x4 (0x7fb040bc8ad0)
      Debug: Off
      Modified Time: 15981952
      Reference Count: 3
      Registered Events: (none)
      Elements:
        -4.34698e-17 -1 3.45313e-15 3.5094 
        6.12323e-17 3.45313e-15 1 2.5 
        -1 2.96027e-17 6.12323e-17 2.18872 
        0 0 0 1 
    
    
[SIMULATOR: I 200331 12:12:28 main:279] Already know about block b'BLOCK_429050d7-bd44-4558-bc46-8233253dd961'
[SIMULATOR: I 200331 12:12:28 main:287] Moving block b'BLOCK_429050d7-bd44-4558-bc46-8233253dd961' to new location vtkMatrix4x4 (0x7fb040ba2e80)
      Debug: Off
      Modified Time: 16135161
      Reference Count: 3
      Registered Events: (none)
      Elements:
        4.35463e-16 -0.994685 -0.102965 3.5094 
        1.09067e-16 -0.102965 0.994685 2.39746 
        -1 -4.20595e-16 6.12323e-17 2.29126 
        0 0 0 1 
    
    
[SIMULATOR: I 200331 12:12:28 main:279] Already know about block b'BLOCK_429050d7-bd44-4558-bc46-8233253dd961'
[SIMULATOR: I 200331 12:12:29 main:287] Moving block b'BLOCK_429050d7-bd44-4558-bc46-8233253dd961' to new location vtkMatrix4x4 (0x7fb03f5fa0b0)
      Debug: Off
      Modified Time: 16269209
      Reference Count: 3
      Registered Events: (none)
      Elements:
        -1.07435e-16 -0.894427 -0.447214 3.5094 
        9.78436e-18 -0.447214 0.894427 2.0047 
        -1 9.12457e-17 6.12323e-17 2.68402 
        0 0 0 1 
    
    
[SIMULATOR: I 200331 12:12:29 main:279] Already know about block b'BLOCK_429050d7-bd44-4558-bc46-8233253dd961'
[SIMULATOR: I 200331 12:12:29 main:287] Moving block b'BLOCK_429050d7-bd44-4558-bc46-8233253dd961' to new location vtkMatrix4x4 (0x7fb040e04b50)
      Debug: Off
      Modified Time: 16441441
      Reference Count: 3
      Registered Events: (none)
      Elements:
        6.3774e-17 -0.744594 -0.667517 3.5094 
        1.69659e-16 -0.667517 0.744594 1.61194 
        -1 -1.86494e-16 6.12323e-17 3.07678 
        0 0 0 1 
    
    
[SIMULATOR: I 200331 12:12:29 main:279] Already know about block b'BLOCK_429050d7-bd44-4558-bc46-8233253dd961'
[SIMULATOR: I 200331 12:12:29 main:287] Moving block b'BLOCK_429050d7-bd44-4558-bc46-8233253dd961' to new location vtkMatrix4x4 (0x7fb040bc99a0)
      Debug: Off
      Modified Time: 16594650
      Reference Count: 3
      Registered Events: (none)
      Elements:
        -2.3345e-16 -0.707107 -0.707107 3.5094 
        -1.85554e-16 -0.707107 0.707107 1.5094 
        -1 2.94742e-16 6.12323e-17 3.17932 
        0 0 0 1 
    
    
[SIMULATOR: I 200331 12:12:29 main:279] Already know about block b'BLOCK_429050d7-bd44-4558-bc46-8233253dd961'
[SIMULATOR: I 200331 12:12:29 main:287] Moving block b'BLOCK_429050d7-bd44-4558-bc46-8233253dd961' to new location vtkMatrix4x4 (0x7fb040d91b40)
      Debug: Off
      Modified Time: 16652330
      Reference Count: 3
      Registered Events: (none)
      Elements:
        -2.3345e-16 -0.707107 -0.707107 3.5094 
        -1.85554e-16 -0.707107 0.707107 1.5094 
        -1 2.94742e-16 6.12323e-17 3.17932 
        0 0 0 1 
    
    
[SIMULATOR: I 200331 12:12:30 main:279] Already know about block b'BLOCK_429050d7-bd44-4558-bc46-8233253dd961'
[SIMULATOR: I 200331 12:12:30 main:287] Moving block b'BLOCK_429050d7-bd44-4558-bc46-8233253dd961' to new location vtkMatrix4x4 (0x7fb03f5f7850)
      Debug: Off
      Modified Time: 16881838
      Reference Count: 3
      Registered Events: (none)
      Elements:
        5.07413e-17 -0.707107 -0.707107 3.5094 
        1.2702e-16 -0.707107 0.707107 1.5094 
        -1 -1.44877e-16 6.12323e-17 3.05627 
        0 0 0 1 
    
    
[SIMULATOR: I 200331 12:12:30 main:279] Already know about block b'BLOCK_429050d7-bd44-4558-bc46-8233253dd961'
[SIMULATOR: I 200331 12:12:30 main:287] Moving block b'BLOCK_429050d7-bd44-4558-bc46-8233253dd961' to new location vtkMatrix4x4 (0x7fb040bbf0c0)
      Debug: Off
      Modified Time: 17015886
      Reference Count: 3
      Registered Events: (none)
      Elements:
        -1.7119e-16 -0.707107 -0.707107 3.5094 
        -1.1002e-16 -0.707107 0.707107 1.5094 
        -1 1.76418e-16 6.12323e-17 2.58496 
        0 0 0 1 
    
    
[SIMULATOR: I 200331 12:12:30 main:279] Already know about block b'BLOCK_429050d7-bd44-4558-bc46-8233253dd961'
[SIMULATOR: I 200331 12:12:30 main:287] Moving block b'BLOCK_429050d7-bd44-4558-bc46-8233253dd961' to new location vtkMatrix4x4 (0x7fb040ba0520)
      Debug: Off
      Modified Time: 17169095
      Reference Count: 3
      Registered Events: (none)
      Elements:
        -3.31196e-18 -0.707107 -0.707107 3.5094 
        1.16769e-16 -0.707107 0.707107 1.5094 
        -1 -1.18762e-16 6.12323e-17 2.11365 
        0 0 0 1 
    
    
[SIMULATOR: I 200331 12:12:30 main:279] Already know about block b'BLOCK_429050d7-bd44-4558-bc46-8233253dd961'
[SIMULATOR: I 200331 12:12:30 main:287] Moving block b'BLOCK_429050d7-bd44-4558-bc46-8233253dd961' to new location vtkMatrix4x4 (0x7fb040ba3ce0)
      Debug: Off
      Modified Time: 17207683
      Reference Count: 3
      Registered Events: (none)
      Elements:
        -1.10515e-16 -0.707107 -0.707107 3.5094 
        -4.78431e-17 -0.707107 0.707107 1.5094 
        -1 1.73581e-16 6.12323e-17 1.9906 
        0 0 0 1 
    
    

************************************************************************************************************************************
 ____                              
/ ___|_      ____ _ _ __ _ __ ___  
\___ \ \ /\ / / _` | '__| '_ ` _ \ 
 ___) \ V  V / (_| | |  | | | | | |
|____/ \_/\_/ \__,_|_|  |_| |_| |_|
                                   
  ____                _                   _   _               
 / ___|___  _ __  ___| |_ _ __ _   _  ___| |_(_) ___  _ __  _ 
| |   / _ \| '_ \/ __| __| '__| | | |/ __| __| |/ _ \| '_ \(_)
| |__| (_) | | | \__ \ |_| |  | |_| | (__| |_| | (_) | | | |_ 
 \____\___/|_| |_|___/\__|_|   \__,_|\___|\__|_|\___/|_| |_(_)
                                                              
 ____  _                 _       _             
/ ___|(_)_ __ ___  _   _| | __ _| |_ ___  _ __ 
\___ \| | '_ ` _ \| | | | |/ _` | __/ _ \| '__|
 ___) | | | | | | | |_| | | (_| | || (_) | |   
|____/|_|_| |_| |_|\__,_|_|\__,_|\__\___/|_|   
                                               

Authors: Caleb Wagner and Hannan Liang
************************************************************************************************************************************[SIMULATOR: I 200331 12:13:44 main:518] Collecting updates from simulator...
[SIMULATOR: I 200331 12:13:44 main:483] Started worker thread
[SIMULATOR: I 200331 12:14:00 main:279] Already know about block b'BLOCK_358757ba-f851-46e3-bd45-73da71a0ff10'
[SIMULATOR: I 200331 12:14:00 main:287] Moving block b'BLOCK_358757ba-f851-46e3-bd45-73da71a0ff10' to new location vtkMatrix4x4 (0x7fc1db6f9790)
      Debug: Off
      Modified Time: 8630195
      Reference Count: 3
      Registered Events: (none)
      Elements:
        -1.03709e-16 -0.707107 0.707107 3.5094 
        2.17086e-16 0.707107 0.707107 3.4906 
        -1 2.60928e-16 6.12323e-17 1 
        0 0 0 1 
    
    
[SIMULATOR: I 200331 12:14:01 main:279] Already know about block b'BLOCK_358757ba-f851-46e3-bd45-73da71a0ff10'
[SIMULATOR: I 200331 12:14:01 main:287] Moving block b'BLOCK_358757ba-f851-46e3-bd45-73da71a0ff10' to new location vtkMatrix4x4 (0x7fc1ddddc050)
      Debug: Off
      Modified Time: 8784220
      Reference Count: 3
      Registered Events: (none)
      Elements:
        -6.96972e-17 -0.707107 0.707107 3.5094 
        1.84816e-16 0.707107 0.707107 3.4906 
        -1 1.09498e-16 6.12323e-17 1.12305 
        0 0 0 1 
    
    
[SIMULATOR: I 200331 12:14:01 main:279] Already know about block b'BLOCK_358757ba-f851-46e3-bd45-73da71a0ff10'
[SIMULATOR: I 200331 12:14:01 main:287] Moving block b'BLOCK_358757ba-f851-46e3-bd45-73da71a0ff10' to new location vtkMatrix4x4 (0x7fc1db6f9790)
      Debug: Off
      Modified Time: 8918982
      Reference Count: 3
      Registered Events: (none)
      Elements:
        -2.25906e-16 -0.707107 0.707107 3.5094 
        3.39672e-16 0.707107 0.707107 3.4906 
        -1 4.4517e-16 6.12323e-17 1.59436 
        0 0 0 1 
    
    
[SIMULATOR: I 200331 12:14:01 main:279] Already know about block b'BLOCK_358757ba-f851-46e3-bd45-73da71a0ff10'
[SIMULATOR: I 200331 12:14:01 main:287] Moving block b'BLOCK_358757ba-f851-46e3-bd45-73da71a0ff10' to new location vtkMatrix4x4 (0x7fc1ddddc050)
      Debug: Off
      Modified Time: 9053744
      Reference Count: 3
      Registered Events: (none)
      Elements:
        1.29784e-16 -0.707107 0.707107 3.5094 
        -9.13876e-17 0.707107 0.707107 3.4906 
        -1 -1.33332e-16 6.12323e-17 2.06567 
        0 0 0 1 
    
    
[SIMULATOR: I 200331 12:14:01 main:279] Already know about block b'BLOCK_358757ba-f851-46e3-bd45-73da71a0ff10'
[SIMULATOR: I 200331 12:14:01 main:287] Moving block b'BLOCK_358757ba-f851-46e3-bd45-73da71a0ff10' to new location vtkMatrix4x4 (0x7fc1dddf35b0)
      Debug: Off
      Modified Time: 9150187
      Reference Count: 3
      Registered Events: (none)
      Elements:
        -4.9483e-16 -0.707107 0.707107 3.5094 
        6.15233e-16 0.707107 0.707107 3.4906 
        -1 7.54923e-16 6.12323e-17 2.18872 
        0 0 0 1 
    
    
[SIMULATOR: I 200331 12:14:02 main:279] Already know about block b'BLOCK_358757ba-f851-46e3-bd45-73da71a0ff10'
[SIMULATOR: I 200331 12:14:02 main:287] Moving block b'BLOCK_358757ba-f851-46e3-bd45-73da71a0ff10' to new location vtkMatrix4x4 (0x7fc1debb7e60)
      Debug: Off
      Modified Time: 9419309
      Reference Count: 3
      Registered Events: (none)
      Elements:
        -4.9483e-16 -0.707107 0.707107 3.5094 
        6.15233e-16 0.707107 0.707107 3.4906 
        -1 7.54923e-16 6.12323e-17 2.18872 
        0 0 0 1 
    
    
[SIMULATOR: I 200331 12:14:02 main:279] Already know about block b'BLOCK_358757ba-f851-46e3-bd45-73da71a0ff10'
[SIMULATOR: I 200331 12:14:02 main:287] Moving block b'BLOCK_358757ba-f851-46e3-bd45-73da71a0ff10' to new location vtkMatrix4x4 (0x7fc1ddda1c10)
      Debug: Off
      Modified Time: 9458101
      Reference Count: 3
      Registered Events: (none)
      Elements:
        -1.27189e-16 -0.744594 0.667517 3.5094 
        1.87677e-16 0.667517 0.744594 3.38806 
        -1 3.11004e-16 6.12323e-17 2.18872 
        0 0 0 1 
    
    
[SIMULATOR: I 200331 12:14:02 main:279] Already know about block b'BLOCK_358757ba-f851-46e3-bd45-73da71a0ff10'
[SIMULATOR: I 200331 12:14:02 main:287] Moving block b'BLOCK_358757ba-f851-46e3-bd45-73da71a0ff10' to new location vtkMatrix4x4 (0x7fc1df497b50)
      Debug: Off
      Modified Time: 9573738
      Reference Count: 3
      Registered Events: (none)
      Elements:
        1.41628e-16 -0.894427 0.447214 3.5094 
        -4.21531e-17 0.447214 0.894427 2.9953 
        -1 -9.55522e-17 6.12323e-17 2.18872 
        0 0 0 1 
    
    
[SIMULATOR: I 200331 12:14:03 main:279] Already know about block b'BLOCK_358757ba-f851-46e3-bd45-73da71a0ff10'
[SIMULATOR: I 200331 12:14:03 main:287] Moving block b'BLOCK_358757ba-f851-46e3-bd45-73da71a0ff10' to new location vtkMatrix4x4 (0x7fc1db6f9790)
      Debug: Off
      Modified Time: 9708500
      Reference Count: 3
      Registered Events: (none)
      Elements:
        -2.8784e-17 -0.994685 0.102965 3.5094 
        7.84831e-17 0.102965 0.994685 2.60254 
        -1 5.42153e-17 6.12323e-17 2.18872 
        0 0 0 1 
    
    
[SIMULATOR: I 200331 12:14:03 main:279] Already know about block b'BLOCK_358757ba-f851-46e3-bd45-73da71a0ff10'
[SIMULATOR: I 200331 12:14:03 main:287] Moving block b'BLOCK_358757ba-f851-46e3-bd45-73da71a0ff10' to new location vtkMatrix4x4 (0x7fc1ddde8660)
      Debug: Off
      Modified Time: 9862456
      Reference Count: 3
      Registered Events: (none)
      Elements:
        -4.34698e-17 -1 3.45313e-15 3.5094 
        6.12323e-17 3.45313e-15 1 2.5 
        -1 2.96027e-17 6.12323e-17 2.18872 
        0 0 0 1 
    
    
[SIMULATOR: I 200331 12:14:03 main:279] Already know about block b'BLOCK_358757ba-f851-46e3-bd45-73da71a0ff10'
[SIMULATOR: I 200331 12:14:03 main:287] Moving block b'BLOCK_358757ba-f851-46e3-bd45-73da71a0ff10' to new location vtkMatrix4x4 (0x7fc1debc4420)
      Debug: Off
      Modified Time: 9920442
      Reference Count: 3
      Registered Events: (none)
      Elements:
        -4.34698e-17 -1 3.45313e-15 3.5094 
        6.12323e-17 3.45313e-15 1 2.5 
        -1 2.96027e-17 6.12323e-17 2.18872 
        0 0 0 1 
    
    
[SIMULATOR: I 200331 12:14:04 main:279] Already know about block b'BLOCK_358757ba-f851-46e3-bd45-73da71a0ff10'
[SIMULATOR: I 200331 12:14:04 main:287] Moving block b'BLOCK_358757ba-f851-46e3-bd45-73da71a0ff10' to new location vtkMatrix4x4 (0x7fc1deb715e0)
      Debug: Off
      Modified Time: 10055273
      Reference Count: 3
      Registered Events: (none)
      Elements:
        4.35463e-16 -0.994685 -0.102965 3.5094 
        1.09067e-16 -0.102965 0.994685 2.39746 
        -1 -4.20595e-16 6.12323e-17 2.29126 
        0 0 0 1 
    
    
[SIMULATOR: I 200331 12:14:04 main:279] Already know about block b'BLOCK_358757ba-f851-46e3-bd45-73da71a0ff10'
[SIMULATOR: I 200331 12:14:04 main:287] Moving block b'BLOCK_358757ba-f851-46e3-bd45-73da71a0ff10' to new location vtkMatrix4x4 (0x7fc1df464640)
      Debug: Off
      Modified Time: 10170841
      Reference Count: 3
      Registered Events: (none)
      Elements:
        -1.07435e-16 -0.894427 -0.447214 3.5094 
        9.78436e-18 -0.447214 0.894427 2.0047 
        -1 9.12457e-17 6.12323e-17 2.68402 
        0 0 0 1 
    
    
[SIMULATOR: I 200331 12:14:04 main:279] Already know about block b'BLOCK_358757ba-f851-46e3-bd45-73da71a0ff10'
[SIMULATOR: I 200331 12:14:04 main:287] Moving block b'BLOCK_358757ba-f851-46e3-bd45-73da71a0ff10' to new location vtkMatrix4x4 (0x7fc1df41bec0)
      Debug: Off
      Modified Time: 10382379
      Reference Count: 3
      Registered Events: (none)
      Elements:
        6.3774e-17 -0.744594 -0.667517 3.5094 
        1.69659e-16 -0.667517 0.744594 1.61194 
        -1 -1.86494e-16 6.12323e-17 3.07678 
        0 0 0 1 
    
    
[SIMULATOR: I 200331 12:14:04 main:279] Already know about block b'BLOCK_358757ba-f851-46e3-bd45-73da71a0ff10'
