[SIMULATOR: I 200403 20:55:08 main:572] Collecting updates from simulator...
[SIMULATOR: I 200403 20:55:08 main:533] Started worker thread
[SIMULATOR: I 200403 20:55:29 main:313] Already know about block b'BLOCK_515efcf7-f6b9-4164-94fd-88d34c86305d'
[SIMULATOR: I 200403 20:55:29 main:321] Moving block b'BLOCK_515efcf7-f6b9-4164-94fd-88d34c86305d' to new location vtkMatrix4x4 (0x7f876b71fc00)
      Debug: Off
      Modified Time: 10370165
      Reference Count: 3
      Registered Events: (none)
      Elements:
        1.51237e-16 0.707107 0.707107 6.4812 
        -4.81562e-17 0.707107 -0.707107 6.4812 
        -1 -5.90605e-18 6.12323e-17 1.9906 
        0 0 0 1 
    
    
[SIMULATOR: I 200403 20:55:29 main:313] Already know about block b'BLOCK_515efcf7-f6b9-4164-94fd-88d34c86305d'
[SIMULATOR: I 200403 20:55:29 main:321] Moving block b'BLOCK_515efcf7-f6b9-4164-94fd-88d34c86305d' to new location vtkMatrix4x4 (0x7f876b496fd0)
      Debug: Off
      Modified Time: 10524081
      Reference Count: 3
      Registered Events: (none)
      Elements:
        4.64232e-16 0.707107 0.707107 6.4812 
        3.11025e-16 0.707107 -0.707107 6.4812 
        -1 5.54152e-16 6.12323e-17 2.11365 
        0 0 0 1 
    
    
[SIMULATOR: I 200403 20:55:29 main:313] Already know about block b'BLOCK_515efcf7-f6b9-4164-94fd-88d34c86305d'
[SIMULATOR: I 200403 20:55:29 main:321] Moving block b'BLOCK_515efcf7-f6b9-4164-94fd-88d34c86305d' to new location vtkMatrix4x4 (0x7f876b4c1360)
      Debug: Off
      Modified Time: 10639688
      Reference Count: 3
      Registered Events: (none)
      Elements:
        -1.48807e-16 0.707107 0.707107 6.4812 
        -1.75506e-16 0.707107 -0.707107 6.4812 
        -1 -1.98416e-16 6.12323e-17 2.58496 
        0 0 0 1 
    
    
[SIMULATOR: I 200403 20:55:30 main:313] Already know about block b'BLOCK_515efcf7-f6b9-4164-94fd-88d34c86305d'
[SIMULATOR: I 200403 20:55:30 main:321] Moving block b'BLOCK_515efcf7-f6b9-4164-94fd-88d34c86305d' to new location vtkMatrix4x4 (0x7f8769ee6140)
      Debug: Off
      Modified Time: 10755226
      Reference Count: 3
      Registered Events: (none)
      Elements:
        -8.06114e-17 0.707107 0.707107 6.4812 
        -1.29173e-16 0.707107 -0.707107 6.4812 
        -1 -1.74599e-16 6.12323e-17 3.05627 
        0 0 0 1 
    
    
[SIMULATOR: I 200403 20:55:30 main:313] Already know about block b'BLOCK_515efcf7-f6b9-4164-94fd-88d34c86305d'
[SIMULATOR: I 200403 20:55:30 main:321] Moving block b'BLOCK_515efcf7-f6b9-4164-94fd-88d34c86305d' to new location vtkMatrix4x4 (0x7f876b4d0f80)
      Debug: Off
      Modified Time: 10889953
      Reference Count: 3
      Registered Events: (none)
      Elements:
        2.53969e-16 0.707107 0.707107 6.4812 
        2.05531e-16 0.707107 -0.707107 6.4812 
        -1 2.87065e-16 6.12323e-17 3.17932 
        0 0 0 1 
    
    
[SIMULATOR: I 200403 20:55:31 main:313] Already know about block b'BLOCK_515efcf7-f6b9-4164-94fd-88d34c86305d'
[SIMULATOR: I 200403 20:55:31 main:321] Moving block b'BLOCK_515efcf7-f6b9-4164-94fd-88d34c86305d' to new location vtkMatrix4x4 (0x7f876b2f7ac0)
      Debug: Off
      Modified Time: 11197450
      Reference Count: 3
      Registered Events: (none)
      Elements:
        2.53969e-16 0.707107 0.707107 6.4812 
        2.05531e-16 0.707107 -0.707107 6.4812 
        -1 2.87065e-16 6.12323e-17 3.17932 
        0 0 0 1 
    
    
[SIMULATOR: I 200403 20:55:31 main:313] Already know about block b'BLOCK_515efcf7-f6b9-4164-94fd-88d34c86305d'
[SIMULATOR: I 200403 20:55:31 main:321] Moving block b'BLOCK_515efcf7-f6b9-4164-94fd-88d34c86305d' to new location vtkMatrix4x4 (0x7f876b4c1360)
      Debug: Off
      Modified Time: 11332177
      Reference Count: 3
      Registered Events: (none)
      Elements:
        2.89508e-16 0.707107 0.707107 6.37866 
        1.7173e-16 0.707107 -0.707107 6.37866 
        -1 3.12862e-16 6.12323e-17 3.17932 
        0 0 0 1 
    
    
[SIMULATOR: I 200403 20:55:31 main:313] Already know about block b'BLOCK_515efcf7-f6b9-4164-94fd-88d34c86305d'
[SIMULATOR: I 200403 20:55:31 main:321] Moving block b'BLOCK_515efcf7-f6b9-4164-94fd-88d34c86305d' to new location vtkMatrix4x4 (0x7f876b5410a0)
      Debug: Off
      Modified Time: 11428526
      Reference Count: 3
      Registered Events: (none)
      Elements:
        9.18482e-17 0.707107 0.707107 5.9859 
        1.67338e-18 0.707107 -0.707107 5.9859 
        -1 6.5766e-17 6.12323e-17 3.17932 
        0 0 0 1 
    
    
[SIMULATOR: I 200403 20:55:31 main:313] Already know about block b'BLOCK_515efcf7-f6b9-4164-94fd-88d34c86305d'
[SIMULATOR: I 200403 20:55:31 main:321] Moving block b'BLOCK_515efcf7-f6b9-4164-94fd-88d34c86305d' to new location vtkMatrix4x4 (0x7f876b4757a0)
      Debug: Off
      Modified Time: 11544133
      Reference Count: 3
      Registered Events: (none)
      Elements:
        2.33014e-16 0.707107 0.707107 5.59314 
        1.22203e-16 0.707107 -0.707107 5.59314 
        -1 3.12439e-16 6.12323e-17 3.17932 
        0 0 0 1 
    
    
[SIMULATOR: I 200403 20:55:32 main:313] Already know about block b'BLOCK_515efcf7-f6b9-4164-94fd-88d34c86305d'
[SIMULATOR: I 200403 20:55:32 main:321] Moving block b'BLOCK_515efcf7-f6b9-4164-94fd-88d34c86305d' to new location vtkMatrix4x4 (0x7f876b726a20)
      Debug: Off
      Modified Time: 11755616
      Reference Count: 3
      Registered Events: (none)
      Elements:
        4.84572e-17 0.707107 0.707107 5.4906 
        2.08018e-17 0.707107 -0.707107 5.4906 
        -1 6.08659e-17 6.12323e-17 3.17932 
        0 0 0 1 
    
    
[SIMULATOR: I 200403 20:55:32 main:313] Already know about block b'BLOCK_515efcf7-f6b9-4164-94fd-88d34c86305d'
[SIMULATOR: I 200403 20:55:32 main:321] Moving block b'BLOCK_515efcf7-f6b9-4164-94fd-88d34c86305d' to new location vtkMatrix4x4 (0x7f876b46ba20)
      Debug: Off
      Modified Time: 11871154
      Reference Count: 3
      Registered Events: (none)
      Elements:
        4.84572e-17 0.707107 0.707107 5.4906 
        2.08018e-17 0.707107 -0.707107 5.4906 
        -1 6.08659e-17 6.12323e-17 3.17932 
        0 0 0 1 
    
    
[SIMULATOR: I 200403 20:55:32 main:313] Already know about block b'BLOCK_515efcf7-f6b9-4164-94fd-88d34c86305d'
[SIMULATOR: I 200403 20:55:32 main:321] Moving block b'BLOCK_515efcf7-f6b9-4164-94fd-88d34c86305d' to new location vtkMatrix4x4 (0x7f876b554bc0)
      Debug: Off
      Modified Time: 12005950
      Reference Count: 3
      Registered Events: (none)
      Elements:
        2.92124e-16 0.744594 0.667517 5.4906 
        1.23215e-16 0.667517 -0.744594 5.38806 
        -1 2.57381e-16 6.12323e-17 3.17932 
        0 0 0 1 
    
    
[SIMULATOR: I 200403 20:55:33 main:313] Already know about block b'BLOCK_515efcf7-f6b9-4164-94fd-88d34c86305d'
[SIMULATOR: I 200403 20:55:33 main:321] Moving block b'BLOCK_515efcf7-f6b9-4164-94fd-88d34c86305d' to new location vtkMatrix4x4 (0x7f876b6464b0)
      Debug: Off
      Modified Time: 12159866
      Reference Count: 3
      Registered Events: (none)
      Elements:
        7.75119e-17 0.894427 0.447214 5.4906 
        -3.10602e-17 0.447214 -0.894427 4.9953 
        -1 3.60733e-17 6.12323e-17 3.17932 
        0 0 0 1 
    
    
[SIMULATOR: I 200403 20:55:33 main:313] Already know about block b'BLOCK_515efcf7-f6b9-4164-94fd-88d34c86305d'
[SIMULATOR: I 200403 20:55:33 main:321] Moving block b'BLOCK_515efcf7-f6b9-4164-94fd-88d34c86305d' to new location vtkMatrix4x4 (0x7f876b487120)
      Debug: Off
      Modified Time: 12237026
      Reference Count: 3
      Registered Events: (none)
      Elements:
        1.98591e-17 0.994685 0.102965 5.4906 
        -5.4816e-17 0.102965 -0.994685 4.60254 
        -1 5.23494e-17 6.12323e-17 3.17932 
        0 0 0 1 
    
    
[SIMULATOR: I 200403 20:55:33 main:313] Already know about block b'BLOCK_515efcf7-f6b9-4164-94fd-88d34c86305d'
[SIMULATOR: I 200403 20:55:33 main:321] Moving block b'BLOCK_515efcf7-f6b9-4164-94fd-88d34c86305d' to new location vtkMatrix4x4 (0x7f876b7285d0)
      Debug: Off
      Modified Time: 12371745
      Reference Count: 3
      Registered Events: (none)
      Elements:
        -1.85988e-16 1 0 5.4906 
        -6.12323e-17 -1.15993e-32 -1 4.5 
        -1 -2.19167e-16 6.12323e-17 3.17932 
        0 0 0 1 
    
    
[SIMULATOR: I 200403 20:55:33 main:313] Already know about block b'BLOCK_515efcf7-f6b9-4164-94fd-88d34c86305d'
[SIMULATOR: I 200403 20:55:33 main:321] Moving block b'BLOCK_515efcf7-f6b9-4164-94fd-88d34c86305d' to new location vtkMatrix4x4 (0x7f876b61ee00)
      Debug: Off
      Modified Time: 12544911
      Reference Count: 3
      Registered Events: (none)
      Elements:
        -1.85988e-16 1 0 5.4906 
        -6.12323e-17 -1.15993e-32 -1 4.5 
        -1 -2.19167e-16 6.12323e-17 3.17932 
        0 0 0 1 
    
    
[SIMULATOR: I 200403 20:55:34 main:313] Already know about block b'BLOCK_515efcf7-f6b9-4164-94fd-88d34c86305d'
[SIMULATOR: I 200403 20:55:34 main:321] Moving block b'BLOCK_515efcf7-f6b9-4164-94fd-88d34c86305d' to new location vtkMatrix4x4 (0x7f876b555d70)
      Debug: Off
      Modified Time: 12602878
      Reference Count: 3
      Registered Events: (none)
      Elements:
        2.67521e-16 0.967567 -0.252616 5.28551 
        -1.42587e-16 -0.252616 -0.967567 4.29491 
        -1 2.08689e-16 6.12323e-17 3.17932 
        0 0 0 1 
    
    
[SIMULATOR: I 200403 20:55:34 main:313] Already know about block b'BLOCK_515efcf7-f6b9-4164-94fd-88d34c86305d'
[SIMULATOR: I 200403 20:55:34 main:321] Moving block b'BLOCK_515efcf7-f6b9-4164-94fd-88d34c86305d' to new location vtkMatrix4x4 (0x7f876b71e3b0)
      Debug: Off
      Modified Time: 12756793
      Reference Count: 3
      Registered Events: (none)
      Elements:
        -6.12323e-17 3.16986e-15 -1 4.5 
        5.06411e-17 -1 -3.16986e-15 3.5094 
        -1 -5.12595e-17 6.12323e-17 3.17932 
        0 0 0 1 
    
    
[SIMULATOR: I 200403 20:55:34 main:313] Already know about block b'BLOCK_515efcf7-f6b9-4164-94fd-88d34c86305d'
[SIMULATOR: I 200403 20:55:34 main:321] Moving block b'BLOCK_515efcf7-f6b9-4164-94fd-88d34c86305d' to new location vtkMatrix4x4 (0x7f8769ee6140)
      Debug: Off
      Modified Time: 12814764
      Reference Count: 3
      Registered Events: (none)
      Elements:
        -8.73366e-17 -0.404474 -0.91455 3.71449 
        -4.02209e-17 -0.91455 0.404474 2.72389 
        -1 7.1126e-17 6.12323e-17 3.17932 
        0 0 0 1 
    
    
[SIMULATOR: I 200403 20:55:34 main:313] Already know about block b'BLOCK_515efcf7-f6b9-4164-94fd-88d34c86305d'
[SIMULATOR: I 200403 20:55:34 main:321] Moving block b'BLOCK_515efcf7-f6b9-4164-94fd-88d34c86305d' to new location vtkMatrix4x4 (0x7f876b55bce0)
      Debug: Off
      Modified Time: 12968749
      Reference Count: 3
      Registered Events: (none)
      Elements:
        2.26996e-17 -0.447214 -0.894427 3.5094 
        1.87625e-16 -0.894427 0.447214 2.5188 
        -1 -1.75805e-16 6.12323e-17 3.17932 
        0 0 0 1 
    
    
[SIMULATOR: I 200403 20:55:35 main:313] Already know about block b'BLOCK_515efcf7-f6b9-4164-94fd-88d34c86305d'
[SIMULATOR: I 200403 20:55:35 main:321] Moving block b'BLOCK_515efcf7-f6b9-4164-94fd-88d34c86305d' to new location vtkMatrix4x4 (0x7f876b4c6a20)
      Debug: Off
      Modified Time: 13103476
      Reference Count: 3
      Registered Events: (none)
      Elements:
        2.26996e-17 -0.447214 -0.894427 3.5094 
        1.87625e-16 -0.894427 0.447214 2.5188 
        -1 -1.75805e-16 6.12323e-17 3.17932 
        0 0 0 1 
    
    
[SIMULATOR: I 200403 20:55:35 main:313] Already know about block b'BLOCK_515efcf7-f6b9-4164-94fd-88d34c86305d'
[SIMULATOR: I 200403 20:55:35 main:321] Moving block b'BLOCK_515efcf7-f6b9-4164-94fd-88d34c86305d' to new location vtkMatrix4x4 (0x7f876b474400)
      Debug: Off
      Modified Time: 13199825
      Reference Count: 3
      Registered Events: (none)
      Elements:
        -1.8479e-16 -0.447214 -0.894427 3.5094 
        -2.34378e-16 -0.894427 0.447214 2.5188 
        -1 2.82715e-16 6.12323e-17 3.05627 
        0 0 0 1 
    
    
[SIMULATOR: I 200403 20:55:35 main:313] Already know about block b'BLOCK_515efcf7-f6b9-4164-94fd-88d34c86305d'
[SIMULATOR: I 200403 20:55:35 main:321] Moving block b'BLOCK_515efcf7-f6b9-4164-94fd-88d34c86305d' to new location vtkMatrix4x4 (0x7f8769ee6140)
      Debug: Off
      Modified Time: 13353810
      Reference Count: 3
      Registered Events: (none)
      Elements:
        3.46928e-17 -0.447214 -0.894427 3.5094 
        1.689e-16 -0.894427 0.447214 2.5188 
        -1 -2.06931e-16 6.12323e-17 2.58496 
        0 0 0 1 
    
    
[SIMULATOR: I 200403 20:55:35 main:313] Already know about block b'BLOCK_515efcf7-f6b9-4164-94fd-88d34c86305d'
[SIMULATOR: I 200403 20:55:35 main:321] Moving block b'BLOCK_515efcf7-f6b9-4164-94fd-88d34c86305d' to new location vtkMatrix4x4 (0x7f876b487200)
      Debug: Off
      Modified Time: 13430970
      Reference Count: 3
      Registered Events: (none)
      Elements:
        -6.37842e-17 -0.447214 -0.894427 3.5094 
        2.50877e-17 -0.894427 0.447214 2.5188 
        -1 1.33081e-17 6.12323e-17 2.11365 
        0 0 0 1 
    
    
[SIMULATOR: I 200403 20:55:36 main:313] Already know about block b'BLOCK_515efcf7-f6b9-4164-94fd-88d34c86305d'
[SIMULATOR: I 200403 20:55:36 main:321] Moving block b'BLOCK_515efcf7-f6b9-4164-94fd-88d34c86305d' to new location vtkMatrix4x4 (0x7f876b716f20)
      Debug: Off
      Modified Time: 13546508
      Reference Count: 3
      Registered Events: (none)
      Elements:
        -1.23033e-17 -0.447214 -0.894427 3.5094 
        1.17411e-16 -0.894427 0.447214 2.5188 
        -1 -8.05165e-17 6.12323e-17 1.9906 
        0 0 0 1 
    
    
[SIMULATOR: I 200403 20:55:42 main:313] Already know about block b'BLOCK_515efcf7-f6b9-4164-94fd-88d34c86305d'
[SIMULATOR: I 200403 20:55:42 main:321] Moving block b'BLOCK_515efcf7-f6b9-4164-94fd-88d34c86305d' to new location vtkMatrix4x4 (0x7f876b71e030)
      Debug: Off
      Modified Time: 16547510
      Reference Count: 3
      Registered Events: (none)
      Elements:
        -3.28096e-17 0.707107 0.707107 3.4812 
        -1.12091e-16 0.707107 -0.707107 2.4812 
        -1 -1.52651e-16 6.12323e-17 1.9906 
        0 0 0 1 
    
    
[SIMULATOR: I 200403 20:55:42 main:313] Already know about block b'BLOCK_515efcf7-f6b9-4164-94fd-88d34c86305d'
[SIMULATOR: I 200403 20:55:42 main:321] Moving block b'BLOCK_515efcf7-f6b9-4164-94fd-88d34c86305d' to new location vtkMatrix4x4 (0x7f8769974630)
      Debug: Off
      Modified Time: 16701495
      Reference Count: 3
      Registered Events: (none)
      Elements:
        2.21239e-16 0.707107 0.707107 3.4812 
        -4.52274e-17 0.707107 -0.707107 2.4812 
        -1 1.22518e-16 6.12323e-17 2.11365 
        0 0 0 1 
    
    
[SIMULATOR: I 200403 20:55:42 main:313] Already know about block b'BLOCK_515efcf7-f6b9-4164-94fd-88d34c86305d'
[SIMULATOR: I 200403 20:55:42 main:321] Moving block b'BLOCK_515efcf7-f6b9-4164-94fd-88d34c86305d' to new location vtkMatrix4x4 (0x7f876b2f7970)
      Debug: Off
      Modified Time: 16759466
      Reference Count: 3
      Registered Events: (none)
      Elements:
        2.42414e-16 0.707107 0.707107 3.4812 
        1.81089e-16 0.707107 -0.707107 2.4812 
        -1 2.64973e-16 6.12323e-17 2.58496 
        0 0 0 1 
    
    
[SIMULATOR: I 200403 20:55:43 main:313] Already know about block b'BLOCK_515efcf7-f6b9-4164-94fd-88d34c86305d'
[SIMULATOR: I 200403 20:55:43 main:321] Moving block b'BLOCK_515efcf7-f6b9-4164-94fd-88d34c86305d' to new location vtkMatrix4x4 (0x7f876b71c9a0)
      Debug: Off
      Modified Time: 16836626
      Reference Count: 3
      Registered Events: (none)
      Elements:
        2.59242e-16 0.707107 0.707107 3.4812 
        1.60395e-16 0.707107 -0.707107 2.4812 
        -1 3.2399e-16 6.12323e-17 3.05627 
        0 0 0 1 
    
    
[SIMULATOR: I 200403 20:55:43 main:313] Already know about block b'BLOCK_515efcf7-f6b9-4164-94fd-88d34c86305d'
[SIMULATOR: I 200403 20:55:43 main:321] Moving block b'BLOCK_515efcf7-f6b9-4164-94fd-88d34c86305d' to new location vtkMatrix4x4 (0x7f876b2f7a50)
      Debug: Off
      Modified Time: 16990542
      Reference Count: 3
      Registered Events: (none)
      Elements:
        6.56048e-17 0.707107 0.707107 3.4812 
        2.45529e-17 0.707107 -0.707107 2.4812 
        -1 2.12787e-17 6.12323e-17 3.17932 
        0 0 0 1 
    
    
[SIMULATOR: I 200403 20:55:44 main:313] Already know about block b'BLOCK_515efcf7-f6b9-4164-94fd-88d34c86305d'
[SIMULATOR: I 200403 20:55:44 main:321] Moving block b'BLOCK_515efcf7-f6b9-4164-94fd-88d34c86305d' to new location vtkMatrix4x4 (0x7f876b46c030)
      Debug: Off
      Modified Time: 17221283
      Reference Count: 3
      Registered Events: (none)
      Elements:
        6.56048e-17 0.707107 0.707107 3.4812 
        2.45529e-17 0.707107 -0.707107 2.4812 
        -1 2.12787e-17 6.12323e-17 3.17932 
        0 0 0 1 
    
    
[SIMULATOR: I 200403 20:55:44 main:313] Already know about block b'BLOCK_515efcf7-f6b9-4164-94fd-88d34c86305d'
[SIMULATOR: I 200403 20:55:44 main:321] Moving block b'BLOCK_515efcf7-f6b9-4164-94fd-88d34c86305d' to new location vtkMatrix4x4 (0x7f876b6327d0)
      Debug: Off
      Modified Time: 17394388
      Reference Count: 3
      Registered Events: (none)
      Elements:
        -9.08964e-17 0.744594 0.667517 3.4812 
        -1.29927e-16 0.667517 -0.744594 2.27611 
        -1 -1.10865e-16 6.12323e-17 3.17932 
        0 0 0 1 
    
    
[SIMULATOR: I 200403 20:55:44 main:313] Already know about block b'BLOCK_515efcf7-f6b9-4164-94fd-88d34c86305d'
[SIMULATOR: I 200403 20:55:44 main:321] Moving block b'BLOCK_515efcf7-f6b9-4164-94fd-88d34c86305d' to new location vtkMatrix4x4 (0x7f876b473e30)
      Debug: Off
      Modified Time: 17529115
      Reference Count: 3
      Registered Events: (none)
      Elements:
        7.57867e-17 0.894427 0.447214 3.4812 
        -2.97326e-17 0.447214 -0.894427 1.4906 
        -1 5.0721e-17 6.12323e-17 3.17932 
        0 0 0 1 
    
    
[SIMULATOR: I 200403 20:55:44 main:313] Already know about block b'BLOCK_515efcf7-f6b9-4164-94fd-88d34c86305d'
[SIMULATOR: I 200403 20:55:44 main:321] Moving block b'BLOCK_515efcf7-f6b9-4164-94fd-88d34c86305d' to new location vtkMatrix4x4 (0x7f876b4baa60)
      Debug: Off
      Modified Time: 17548708
      Reference Count: 3
      Registered Events: (none)
      Elements:
        6.84626e-17 0.994685 0.102965 3.4812 
        -5.45481e-17 0.102965 -0.994685 0.705085 
        -1 6.60056e-17 6.12323e-17 3.17932 
        0 0 0 1 
    
    
[SIMULATOR: I 200403 20:55:45 main:313] Already know about block b'BLOCK_515efcf7-f6b9-4164-94fd-88d34c86305d'
[SIMULATOR: I 200403 20:55:45 main:321] Moving block b'BLOCK_515efcf7-f6b9-4164-94fd-88d34c86305d' to new location vtkMatrix4x4 (0x7f876b4d11e0)
      Debug: Off
      Modified Time: 17741070
      Reference Count: 3
      Registered Events: (none)
      Elements:
        -3.81234e-16 1 1.77636e-15 3.4812 
        -6.12323e-17 1.77636e-15 -1 0.5 
        -1 -3.78145e-16 6.12323e-17 3.17932 
        0 0 0 1 
    
    
[SIMULATOR: I 200403 20:55:45 main:313] Already know about block b'BLOCK_515efcf7-f6b9-4164-94fd-88d34c86305d'
[SIMULATOR: I 200403 20:55:45 main:321] Moving block b'BLOCK_515efcf7-f6b9-4164-94fd-88d34c86305d' to new location vtkMatrix4x4 (0x7f876b4baa60)
      Debug: Off
      Modified Time: 17875796
      Reference Count: 3
      Registered Events: (none)
      Elements:
        -3.81234e-16 1 1.77636e-15 3.4812 
        -6.12323e-17 1.77636e-15 -1 0.5 
        -1 -3.78145e-16 6.12323e-17 3.17932 
        0 0 0 1 
    
    
[SIMULATOR: I 200403 20:55:45 main:313] Already know about block b'BLOCK_515efcf7-f6b9-4164-94fd-88d34c86305d'
[SIMULATOR: I 200403 20:55:45 main:321] Moving block b'BLOCK_515efcf7-f6b9-4164-94fd-88d34c86305d' to new location vtkMatrix4x4 (0x7f876b7222d0)
      Debug: Off
      Modified Time: 18010591
      Reference Count: 3
      Registered Events: (none)
      Elements:
        5.35706e-17 1 1.55431e-15 3.4812 
        -6.12323e-17 1.55431e-15 -1 0.5 
        -1 5.04907e-17 6.12323e-17 3.05627 
        0 0 0 1 
    
    
[SIMULATOR: I 200403 20:55:45 main:313] Already know about block b'BLOCK_515efcf7-f6b9-4164-94fd-88d34c86305d'
[SIMULATOR: I 200403 20:55:46 main:321] Moving block b'BLOCK_515efcf7-f6b9-4164-94fd-88d34c86305d' to new location vtkMatrix4x4 (0x7f876b4cf410)
      Debug: Off
      Modified Time: 18126128
      Reference Count: 3
      Registered Events: (none)
      Elements:
        2.4726e-16 1 8.88178e-16 3.4812 
        -6.12323e-17 8.88178e-16 -1 0.5 
        -1 2.45439e-16 6.12323e-17 2.58496 
        0 0 0 1 
    
    
[SIMULATOR: I 200403 20:55:46 main:313] Already know about block b'BLOCK_515efcf7-f6b9-4164-94fd-88d34c86305d'
[SIMULATOR: I 200403 20:55:46 main:321] Moving block b'BLOCK_515efcf7-f6b9-4164-94fd-88d34c86305d' to new location vtkMatrix4x4 (0x7f876b61d700)
      Debug: Off
      Modified Time: 18203287
      Reference Count: 3
      Registered Events: (none)
      Elements:
        6.37265e-17 1 2.22045e-16 3.4812 
        -6.12323e-17 2.22045e-16 -1 0.5 
        -1 4.06633e-17 6.12323e-17 2.11365 
        0 0 0 1 
    
    
[SIMULATOR: I 200403 20:55:46 main:313] Already know about block b'BLOCK_515efcf7-f6b9-4164-94fd-88d34c86305d'
[SIMULATOR: I 200403 20:55:46 main:321] Moving block b'BLOCK_515efcf7-f6b9-4164-94fd-88d34c86305d' to new location vtkMatrix4x4 (0x7f876b4bb740)
      Debug: Off
      Modified Time: 18395573
      Reference Count: 3
      Registered Events: (none)
      Elements:
        -7.71128e-17 1 0 3.4812 
        -6.12323e-17 -1.30033e-33 -1 0.5 
        -1 -7.25633e-17 6.12323e-17 1.9906 
        0 0 0 1 
    
    
[SIMULATOR: I 200403 20:56:15 main:313] Already know about block b'BLOCK_df2e2a8e-dc87-43c1-98c9-35c2ee53742c'
[SIMULATOR: I 200403 20:56:15 main:321] Moving block b'BLOCK_df2e2a8e-dc87-43c1-98c9-35c2ee53742c' to new location vtkMatrix4x4 (0x7f876b44bb60)
      Debug: Off
      Modified Time: 32243526
      Reference Count: 3
      Registered Events: (none)
      Elements:
        8.8944e-17 0.707107 0.707107 3.4812 
        1.41363e-17 0.707107 -0.707107 6.4812 
        -1 9.17993e-17 6.12323e-17 1.9906 
        0 0 0 1 
    
    
[SIMULATOR: I 200403 20:56:15 main:313] Already know about block b'BLOCK_df2e2a8e-dc87-43c1-98c9-35c2ee53742c'
[SIMULATOR: I 200403 20:56:15 main:321] Moving block b'BLOCK_df2e2a8e-dc87-43c1-98c9-35c2ee53742c' to new location vtkMatrix4x4 (0x7f876b55aeb0)
      Debug: Off
      Modified Time: 32339875
      Reference Count: 3
      Registered Events: (none)
      Elements:
        6.23276e-17 0.707107 0.707107 3.4812 
        5.34752e-17 0.707107 -0.707107 6.4812 
        -1 1.28275e-16 6.12323e-17 2.11365 
        0 0 0 1 
    
    
[SIMULATOR: I 200403 20:56:15 main:313] Already know about block b'BLOCK_df2e2a8e-dc87-43c1-98c9-35c2ee53742c'
[SIMULATOR: I 200403 20:56:15 main:321] Moving block b'BLOCK_df2e2a8e-dc87-43c1-98c9-35c2ee53742c' to new location vtkMatrix4x4 (0x7f876b554d80)
      Debug: Off
      Modified Time: 32493860
      Reference Count: 3
      Registered Events: (none)
      Elements:
        3.24446e-17 0.707107 0.707107 3.4812 
        4.45994e-17 0.707107 -0.707107 6.4812 
        -1 4.54232e-17 6.12323e-17 2.58496 
        0 0 0 1 
    
    
[SIMULATOR: I 200403 20:56:16 main:313] Already know about block b'BLOCK_df2e2a8e-dc87-43c1-98c9-35c2ee53742c'
[SIMULATOR: I 200403 20:56:16 main:321] Moving block b'BLOCK_df2e2a8e-dc87-43c1-98c9-35c2ee53742c' to new location vtkMatrix4x4 (0x7f876b719d20)
      Debug: Off
      Modified Time: 32647776
      Reference Count: 3
      Registered Events: (none)
      Elements:
        6.53981e-17 0.707107 0.707107 3.4812 
        1.85559e-17 0.707107 -0.707107 6.4812 
        -1 2.85366e-17 6.12323e-17 3.05627 
        0 0 0 1 
    
    
[SIMULATOR: I 200403 20:56:16 main:313] Already know about block b'BLOCK_df2e2a8e-dc87-43c1-98c9-35c2ee53742c'
[SIMULATOR: I 200403 20:56:16 main:321] Moving block b'BLOCK_df2e2a8e-dc87-43c1-98c9-35c2ee53742c' to new location vtkMatrix4x4 (0x7f876b2d9810)
      Debug: Off
      Modified Time: 32763314
      Reference Count: 3
      Registered Events: (none)
      Elements:
        2.30477e-16 0.707107 0.707107 3.4812 
        2.02006e-16 0.707107 -0.707107 6.4812 
        -1 3.03729e-16 6.12323e-17 3.17932 
        0 0 0 1 
    
    
[SIMULATOR: I 200403 20:56:16 main:313] Already know about block b'BLOCK_df2e2a8e-dc87-43c1-98c9-35c2ee53742c'
[SIMULATOR: I 200403 20:56:16 main:321] Moving block b'BLOCK_df2e2a8e-dc87-43c1-98c9-35c2ee53742c' to new location vtkMatrix4x4 (0x7f876b48c200)
      Debug: Off
      Modified Time: 32821285
      Reference Count: 3
      Registered Events: (none)
      Elements:
        2.30477e-16 0.707107 0.707107 3.4812 
        2.02006e-16 0.707107 -0.707107 6.4812 
        -1 3.03729e-16 6.12323e-17 3.17932 
        0 0 0 1 
    
    
[SIMULATOR: I 200403 20:56:16 main:313] Already know about block b'BLOCK_df2e2a8e-dc87-43c1-98c9-35c2ee53742c'
[SIMULATOR: I 200403 20:56:16 main:321] Moving block b'BLOCK_df2e2a8e-dc87-43c1-98c9-35c2ee53742c' to new location vtkMatrix4x4 (0x7f876b72aed0)
      Debug: Off
      Modified Time: 32956081
      Reference Count: 3
      Registered Events: (none)
      Elements:
        6.21593e-17 0.744594 0.667517 3.4812 
        -6.62629e-18 0.667517 -0.744594 6.27611 
        -1 7.81154e-17 6.12323e-17 3.17932 
        0 0 0 1 
    
    
[SIMULATOR: I 200403 20:56:17 main:313] Already know about block b'BLOCK_df2e2a8e-dc87-43c1-98c9-35c2ee53742c'
[SIMULATOR: I 200403 20:56:17 main:321] Moving block b'BLOCK_df2e2a8e-dc87-43c1-98c9-35c2ee53742c' to new location vtkMatrix4x4 (0x7f876b72cb60)
      Debug: Off
      Modified Time: 33109997
      Reference Count: 3
      Registered Events: (none)
      Elements:
        2.76827e-16 0.894427 0.447214 3.4812 
        6.90062e-17 0.447214 -0.894427 5.4906 
        -1 2.72501e-16 6.12323e-17 3.17932 
        0 0 0 1 
    
    
[SIMULATOR: I 200403 20:56:17 main:313] Already know about block b'BLOCK_df2e2a8e-dc87-43c1-98c9-35c2ee53742c'
[SIMULATOR: I 200403 20:56:17 main:321] Moving block b'BLOCK_df2e2a8e-dc87-43c1-98c9-35c2ee53742c' to new location vtkMatrix4x4 (0x7f876b43fe20)
      Debug: Off
      Modified Time: 33244724
      Reference Count: 3
      Registered Events: (none)
      Elements:
        7.87837e-17 0.994685 0.102965 3.4812 
        -5.37336e-17 0.102965 -0.994685 4.70509 
        -1 6.60957e-17 6.12323e-17 3.17932 
        0 0 0 1 
    
    
[SIMULATOR: I 200403 20:56:17 main:313] Already know about block b'BLOCK_df2e2a8e-dc87-43c1-98c9-35c2ee53742c'
[SIMULATOR: I 200403 20:56:17 main:321] Moving block b'BLOCK_df2e2a8e-dc87-43c1-98c9-35c2ee53742c' to new location vtkMatrix4x4 (0x7f876b4c3bb0)
      Debug: Off
      Modified Time: 33321883
      Reference Count: 3
      Registered Events: (none)
      Elements:
        -1.49708e-16 1 3.33067e-15 3.4812 
        -6.12323e-17 3.33067e-15 -1 4.5 
        -1 -1.52072e-16 6.12323e-17 3.17932 
        0 0 0 1 
    
    
[SIMULATOR: I 200403 20:56:18 main:313] Already know about block b'BLOCK_df2e2a8e-dc87-43c1-98c9-35c2ee53742c'
[SIMULATOR: I 200403 20:56:18 main:321] Moving block b'BLOCK_df2e2a8e-dc87-43c1-98c9-35c2ee53742c' to new location vtkMatrix4x4 (0x7f876b4592e0)
      Debug: Off
      Modified Time: 33571812
      Reference Count: 3
      Registered Events: (none)
      Elements:
        -1.49708e-16 1 3.33067e-15 3.4812 
        -6.12323e-17 3.33067e-15 -1 4.5 
        -1 -1.52072e-16 6.12323e-17 3.17932 
        0 0 0 1 
    
    
[SIMULATOR: I 200403 20:56:18 main:313] Already know about block b'BLOCK_df2e2a8e-dc87-43c1-98c9-35c2ee53742c'
[SIMULATOR: I 200403 20:56:18 main:321] Moving block b'BLOCK_df2e2a8e-dc87-43c1-98c9-35c2ee53742c' to new location vtkMatrix4x4 (0x7f876b4ca950)
      Debug: Off
      Modified Time: 33591405
      Reference Count: 3
      Registered Events: (none)
      Elements:
        5.15263e-16 0.998514 -0.0545018 3.37866 
        -8.90599e-17 -0.0545018 -0.998514 4.39746 
        -1 5.17663e-16 6.12323e-17 3.17932 
        0 0 0 1 
    
    
[SIMULATOR: I 200403 20:56:18 main:313] Already know about block b'BLOCK_df2e2a8e-dc87-43c1-98c9-35c2ee53742c'
[SIMULATOR: I 200403 20:56:18 main:321] Moving block b'BLOCK_df2e2a8e-dc87-43c1-98c9-35c2ee53742c' to new location vtkMatrix4x4 (0x7f8769d48ce0)
      Debug: Off
      Modified Time: 33802888
      Reference Count: 3
      Registered Events: (none)
      Elements:
        -4.04973e-17 0.948683 -0.316228 2.9859 
        -4.93525e-17 -0.316228 -0.948683 4.0047 
        -1 -1.84049e-18 6.12323e-17 3.17932 
        0 0 0 1 
    
    
[SIMULATOR: I 200403 20:56:18 main:313] Already know about block b'BLOCK_df2e2a8e-dc87-43c1-98c9-35c2ee53742c'
[SIMULATOR: I 200403 20:56:18 main:321] Moving block b'BLOCK_df2e2a8e-dc87-43c1-98c9-35c2ee53742c' to new location vtkMatrix4x4 (0x7f876b731310)
      Debug: Off
      Modified Time: 33976062
      Reference Count: 3
      Registered Events: (none)
      Elements:
        -1.80562e-17 0.776156 -0.630541 2.59314 
        -7.1599e-17 -0.630541 -0.776156 3.61194 
        -1 5.07831e-17 6.12323e-17 3.17932 
        0 0 0 1 
    
    
[SIMULATOR: I 200403 20:56:19 main:313] Already know about block b'BLOCK_df2e2a8e-dc87-43c1-98c9-35c2ee53742c'
[SIMULATOR: I 200403 20:56:19 main:321] Moving block b'BLOCK_df2e2a8e-dc87-43c1-98c9-35c2ee53742c' to new location vtkMatrix4x4 (0x7f876b624840)
      Debug: Off
      Modified Time: 33976190
      Reference Count: 3
      Registered Events: (none)
      Elements:
        9.60161e-18 0.707107 -0.707107 2.4906 
        -3.38257e-17 -0.707107 -0.707107 3.5094 
        -1 1.87896e-17 6.12323e-17 3.17932 
        0 0 0 1 
    
    
[SIMULATOR: I 200403 20:56:19 main:313] Already know about block b'BLOCK_df2e2a8e-dc87-43c1-98c9-35c2ee53742c'
[SIMULATOR: I 200403 20:56:19 main:321] Moving block b'BLOCK_df2e2a8e-dc87-43c1-98c9-35c2ee53742c' to new location vtkMatrix4x4 (0x7f8769988680)
      Debug: Off
      Modified Time: 34092004
      Reference Count: 3
      Registered Events: (none)
      Elements:
        9.60161e-18 0.707107 -0.707107 2.4906 
        -3.38257e-17 -0.707107 -0.707107 3.5094 
        -1 1.87896e-17 6.12323e-17 3.17932 
        0 0 0 1 
    
    
[SIMULATOR: I 200403 20:56:19 main:313] Already know about block b'BLOCK_df2e2a8e-dc87-43c1-98c9-35c2ee53742c'
[SIMULATOR: I 200403 20:56:19 main:321] Moving block b'BLOCK_df2e2a8e-dc87-43c1-98c9-35c2ee53742c' to new location vtkMatrix4x4 (0x7f876b4c53d0)
      Debug: Off
      Modified Time: 34226731
      Reference Count: 3
      Registered Events: (none)
      Elements:
        -1.28309e-16 0.671497 -0.741007 2.4906 
        4.71999e-17 -0.741007 -0.671497 3.40686 
        -1 -1.37974e-16 6.12323e-17 3.17932 
        0 0 0 1 
    
    
[SIMULATOR: I 200403 20:56:19 main:313] Already know about block b'BLOCK_df2e2a8e-dc87-43c1-98c9-35c2ee53742c'
[SIMULATOR: I 200403 20:56:19 main:321] Moving block b'BLOCK_df2e2a8e-dc87-43c1-98c9-35c2ee53742c' to new location vtkMatrix4x4 (0x7f876b54d450)
      Debug: Off
      Modified Time: 34361527
      Reference Count: 3
      Registered Events: (none)
      Elements:
        9.74844e-17 0.5547 -0.83205 2.4906 
        -2.97298e-16 -0.83205 -0.5547 3.0141 
        -1 3.01011e-16 6.12323e-17 3.17932 
        0 0 0 1 
    
    
[SIMULATOR: I 200403 20:56:20 main:313] Already know about block b'BLOCK_df2e2a8e-dc87-43c1-98c9-35c2ee53742c'
[SIMULATOR: I 200403 20:56:20 main:321] Moving block b'BLOCK_df2e2a8e-dc87-43c1-98c9-35c2ee53742c' to new location vtkMatrix4x4 (0x7f876b477540)
      Debug: Off
      Modified Time: 34515443
      Reference Count: 3
      Registered Events: (none)
      Elements:
        1.82635e-16 0.466422 -0.884562 2.4906 
        -4.78867e-16 -0.884562 -0.466422 2.62134 
        -1 5.10023e-16 6.12323e-17 3.17932 
        0 0 0 1 
    
    
[SIMULATOR: I 200403 20:56:20 main:313] Already know about block b'BLOCK_df2e2a8e-dc87-43c1-98c9-35c2ee53742c'
[SIMULATOR: I 200403 20:56:20 main:321] Moving block b'BLOCK_df2e2a8e-dc87-43c1-98c9-35c2ee53742c' to new location vtkMatrix4x4 (0x7f876b489300)
      Debug: Off
      Modified Time: 34688548
      Reference Count: 3
      Registered Events: (none)
      Elements:
        -1.30454e-16 0.447214 -0.894427 2.4906 
        1.1517e-16 -0.894427 -0.447214 2.5188 
        -1 -1.64542e-16 6.12323e-17 3.17932 
        0 0 0 1 
    
    
[SIMULATOR: I 200403 20:56:20 main:313] Already know about block b'BLOCK_df2e2a8e-dc87-43c1-98c9-35c2ee53742c'
[SIMULATOR: I 200403 20:56:20 main:321] Moving block b'BLOCK_df2e2a8e-dc87-43c1-98c9-35c2ee53742c' to new location vtkMatrix4x4 (0x7f8769972de0)
      Debug: Off
      Modified Time: 34727330
      Reference Count: 3
      Registered Events: (none)
      Elements:
        -1.30454e-16 0.447214 -0.894427 2.4906 
        1.1517e-16 -0.894427 -0.447214 2.5188 
        -1 -1.64542e-16 6.12323e-17 3.17932 
        0 0 0 1 
    
    
[SIMULATOR: I 200403 20:56:21 main:313] Already know about block b'BLOCK_df2e2a8e-dc87-43c1-98c9-35c2ee53742c'
[SIMULATOR: I 200403 20:56:21 main:321] Moving block b'BLOCK_df2e2a8e-dc87-43c1-98c9-35c2ee53742c' to new location vtkMatrix4x4 (0x7f876b45f190)
      Debug: Off
      Modified Time: 34958071
      Reference Count: 3
      Registered Events: (none)
      Elements:
        -3.03476e-17 0.447214 -0.894427 2.4906 
        -8.13854e-17 -0.894427 -0.447214 2.5188 
        -1 5.82184e-17 6.12323e-17 3.05627 
        0 0 0 1 
    
    
[SIMULATOR: I 200403 20:56:21 main:313] Already know about block b'BLOCK_df2e2a8e-dc87-43c1-98c9-35c2ee53742c'
[SIMULATOR: I 200403 20:56:21 main:321] Moving block b'BLOCK_df2e2a8e-dc87-43c1-98c9-35c2ee53742c' to new location vtkMatrix4x4 (0x7f876b620030)
      Debug: Off
      Modified Time: 35054420
      Reference Count: 3
      Registered Events: (none)
      Elements:
        -1.38634e-16 0.447214 -0.894427 2.4906 
        1.36095e-16 -0.894427 -0.447214 2.5188 
        -1 -2.07316e-16 6.12323e-17 2.58496 
        0 0 0 1 
    
    
[SIMULATOR: I 200403 20:56:21 main:313] Already know about block b'BLOCK_df2e2a8e-dc87-43c1-98c9-35c2ee53742c'
[SIMULATOR: I 200403 20:56:21 main:321] Moving block b'BLOCK_df2e2a8e-dc87-43c1-98c9-35c2ee53742c' to new location vtkMatrix4x4 (0x7f876b55ca40)
      Debug: Off
      Modified Time: 35169958
      Reference Count: 3
      Registered Events: (none)
      Elements:
        1.59592e-16 0.447214 -0.894427 2.4906 
        -4.78151e-16 -0.894427 -0.447214 2.5188 
        -1 5.20154e-16 6.12323e-17 2.11365 
        0 0 0 1 
    
    
[SIMULATOR: I 200403 20:56:21 main:313] Already know about block b'BLOCK_df2e2a8e-dc87-43c1-98c9-35c2ee53742c'
[SIMULATOR: I 200403 20:56:21 main:321] Moving block b'BLOCK_df2e2a8e-dc87-43c1-98c9-35c2ee53742c' to new location vtkMatrix4x4 (0x7f876b5410a0)
      Debug: Off
      Modified Time: 35323943
      Reference Count: 3
      Registered Events: (none)
      Elements:
        -1.72264e-17 0.447214 -0.894427 2.4906 
        -5.93514e-17 -0.894427 -0.447214 2.5188 
        -1 1.20758e-16 6.12323e-17 1.9906 
        0 0 0 1 
    
    
[SIMULATOR: I 200403 20:56:29 main:313] Already know about block b'BLOCK_df2e2a8e-dc87-43c1-98c9-35c2ee53742c'
[SIMULATOR: I 200403 20:56:29 main:321] Moving block b'BLOCK_df2e2a8e-dc87-43c1-98c9-35c2ee53742c' to new location vtkMatrix4x4 (0x7f876b489d60)
      Debug: Off
      Modified Time: 39113101
      Reference Count: 3
      Registered Events: (none)
      Elements:
        -1.51109e-16 -0.707107 0.707107 2.5188 
        3.1079e-16 0.707107 0.707107 2.4812 
        -1 2.78127e-16 6.12323e-17 1.9906 
        0 0 0 1 
    
    
[SIMULATOR: I 200403 20:56:29 main:313] Already know about block b'BLOCK_df2e2a8e-dc87-43c1-98c9-35c2ee53742c'
[SIMULATOR: I 200403 20:56:29 main:321] Moving block b'BLOCK_df2e2a8e-dc87-43c1-98c9-35c2ee53742c' to new location vtkMatrix4x4 (0x7f876b458e40)
      Debug: Off
      Modified Time: 39267086
      Reference Count: 3
      Registered Events: (none)
      Elements:
        2.02481e-16 -0.707107 0.707107 2.5188 
        -1.114e-16 0.707107 0.707107 2.4812 
        -1 -2.07033e-16 6.12323e-17 2.11365 
        0 0 0 1 
    
    
[SIMULATOR: I 200403 20:56:30 main:313] Already know about block b'BLOCK_df2e2a8e-dc87-43c1-98c9-35c2ee53742c'
[SIMULATOR: I 200403 20:56:30 main:321] Moving block b'BLOCK_df2e2a8e-dc87-43c1-98c9-35c2ee53742c' to new location vtkMatrix4x4 (0x7f876b4c1360)
      Debug: Off
      Modified Time: 39421002
      Reference Count: 3
      Registered Events: (none)
      Elements:
        -1.94311e-16 -0.707107 0.707107 2.5188 
        2.67262e-16 0.707107 0.707107 2.4812 
        -1 2.69794e-16 6.12323e-17 2.58496 
        0 0 0 1 
    
    
[SIMULATOR: I 200403 20:56:30 main:313] Already know about block b'BLOCK_df2e2a8e-dc87-43c1-98c9-35c2ee53742c'
[SIMULATOR: I 200403 20:56:30 main:321] Moving block b'BLOCK_df2e2a8e-dc87-43c1-98c9-35c2ee53742c' to new location vtkMatrix4x4 (0x7f876b739330)
      Debug: Off
      Modified Time: 39517351
      Reference Count: 3
      Registered Events: (none)
      Elements:
        -3.17027e-16 -0.707107 0.707107 2.5188 
        3.6036e-16 0.707107 0.707107 2.4812 
        -1 5.0355e-16 6.12323e-17 3.05627 
        0 0 0 1 
    
    
[SIMULATOR: I 200403 20:56:30 main:313] Already know about block b'BLOCK_df2e2a8e-dc87-43c1-98c9-35c2ee53742c'
[SIMULATOR: I 200403 20:56:30 main:321] Moving block b'BLOCK_df2e2a8e-dc87-43c1-98c9-35c2ee53742c' to new location vtkMatrix4x4 (0x7f876b720c90)
      Debug: Off
      Modified Time: 39671336
      Reference Count: 3
      Registered Events: (none)
      Elements:
        -1.08705e-17 -0.707107 0.707107 2.5188 
        5.10949e-17 0.707107 0.707107 2.4812 
        -1 4.28757e-17 6.12323e-17 3.17932 
        0 0 0 1 
    
    
[SIMULATOR: I 200403 20:56:31 main:313] Already know about block b'BLOCK_df2e2a8e-dc87-43c1-98c9-35c2ee53742c'
[SIMULATOR: I 200403 20:56:31 main:321] Moving block b'BLOCK_df2e2a8e-dc87-43c1-98c9-35c2ee53742c' to new location vtkMatrix4x4 (0x7f876b54d450)
      Debug: Off
      Modified Time: 39844441
      Reference Count: 3
      Registered Events: (none)
      Elements:
        -1.08705e-17 -0.707107 0.707107 2.5188 
        5.10949e-17 0.707107 0.707107 2.4812 
        -1 4.28757e-17 6.12323e-17 3.17932 
        0 0 0 1 
    
    
[SIMULATOR: I 200403 20:56:31 main:313] Already know about block b'BLOCK_df2e2a8e-dc87-43c1-98c9-35c2ee53742c'
[SIMULATOR: I 200403 20:56:31 main:321] Moving block b'BLOCK_df2e2a8e-dc87-43c1-98c9-35c2ee53742c' to new location vtkMatrix4x4 (0x7f876b62b3d0)
      Debug: Off
      Modified Time: 39921601
      Reference Count: 3
      Registered Events: (none)
      Elements:
        1.66672e-16 -0.707107 0.707107 2.62134 
        -6.32943e-17 0.707107 0.707107 2.37866 
        -1 -2.04169e-16 6.12323e-17 3.17932 
        0 0 0 1 
    
    
[SIMULATOR: I 200403 20:56:31 main:313] Already know about block b'BLOCK_df2e2a8e-dc87-43c1-98c9-35c2ee53742c'
[SIMULATOR: I 200403 20:56:31 main:321] Moving block b'BLOCK_df2e2a8e-dc87-43c1-98c9-35c2ee53742c' to new location vtkMatrix4x4 (0x7f876b4cfdf0)
      Debug: Off
      Modified Time: 40133153
      Reference Count: 3
      Registered Events: (none)
      Elements:
        -1.5755e-16 -0.707107 0.707107 3.0141 
        2.47664e-16 0.707107 0.707107 1.9859 
        -1 2.85168e-16 6.12323e-17 3.17932 
        0 0 0 1 
    
    
[SIMULATOR: I 200403 20:56:32 main:313] Already know about block b'BLOCK_df2e2a8e-dc87-43c1-98c9-35c2ee53742c'
[SIMULATOR: I 200403 20:56:32 main:321] Moving block b'BLOCK_df2e2a8e-dc87-43c1-98c9-35c2ee53742c' to new location vtkMatrix4x4 (0x7f876b4beb30)
      Debug: Off
      Modified Time: 40267880
      Reference Count: 3
      Registered Events: (none)
      Elements:
        -1.36979e-16 -0.707107 0.707107 3.40686 
