[SIMULATOR: I 200406 14:23:42 main:316] Already know about block b'BLOCK_5e9be454-4d9a-4805-885d-1fd75dc504d8'
[SIMULATOR: I 200406 14:23:42 main:324] Moving block b'BLOCK_5e9be454-4d9a-4805-885d-1fd75dc504d8' to new location vtkMatrix4x4 (0x7f9d0816da90)
      Debug: Off
      Modified Time: 58427145
      Reference Count: 3
      Registered Events: (none)
      Elements:
        6.12323e-17 6.12323e-17 1 1.5 
        6.82656e-17 1 -6.12323e-17 2.4906 
        -1 7.26364e-17 6.12323e-17 2.58496 
        0 0 0 1 
    
    
[SIMULATOR: I 200406 14:23:42 main:316] Already know about block b'BLOCK_5e9be454-4d9a-4805-885d-1fd75dc504d8'
[SIMULATOR: I 200406 14:23:42 main:324] Moving block b'BLOCK_5e9be454-4d9a-4805-885d-1fd75dc504d8' to new location vtkMatrix4x4 (0x7f9d076d46e0)
      Debug: Off
      Modified Time: 58533265
      Reference Count: 3
      Registered Events: (none)
      Elements:
        6.12323e-17 1.54939e-15 1 1.5 
        4.98123e-17 1 -1.54939e-15 2.4906 
        -1 5.74876e-17 6.12323e-17 2.11365 
        0 0 0 1 
    
    
[SIMULATOR: I 200406 14:23:42 main:316] Already know about block b'BLOCK_5e9be454-4d9a-4805-885d-1fd75dc504d8'
[SIMULATOR: I 200406 14:23:42 main:324] Moving block b'BLOCK_5e9be454-4d9a-4805-885d-1fd75dc504d8' to new location vtkMatrix4x4 (0x7f9d0769f140)
      Debug: Off
      Modified Time: 58665883
      Reference Count: 3
      Registered Events: (none)
      Elements:
        6.12323e-17 1.79742e-15 1 1.5 
        1.91407e-17 1 -1.79742e-15 2.4906 
        -1 -1.73394e-17 6.12323e-17 1.9906 
        0 0 0 1 
    
    
[SIMULATOR: I 200406 14:23:46 main:316] Already know about block b'BLOCK_5e9be454-4d9a-4805-885d-1fd75dc504d8'
[SIMULATOR: I 200406 14:23:46 main:324] Moving block b'BLOCK_5e9be454-4d9a-4805-885d-1fd75dc504d8' to new location vtkMatrix4x4 (0x7f9d076ede50)
      Debug: Off
      Modified Time: 59833786
      Reference Count: 3
      Registered Events: (none)
      Elements:
        -3.49395e-16 -0.707107 -0.707107 1.5094 
        -2.37654e-16 -0.707107 0.707107 2.5094 
        -1 4.51137e-16 6.12323e-17 1.9906 
        0 0 0 1 
    
    
[SIMULATOR: I 200406 14:23:46 main:316] Already know about block b'BLOCK_5e9be454-4d9a-4805-885d-1fd75dc504d8'
[SIMULATOR: I 200406 14:23:46 main:324] Moving block b'BLOCK_5e9be454-4d9a-4805-885d-1fd75dc504d8' to new location vtkMatrix4x4 (0x7f9d076bd520)
      Debug: Off
      Modified Time: 59860619
      Reference Count: 3
      Registered Events: (none)
      Elements:
        9.1203e-18 -0.707107 -0.707107 1.5094 
        3.06507e-17 -0.707107 0.707107 2.5094 
        -1 -1.23859e-17 6.12323e-17 2.58496 
        0 0 0 1 
    
    
[SIMULATOR: I 200406 14:23:47 main:316] Already know about block b'BLOCK_5e9be454-4d9a-4805-885d-1fd75dc504d8'
[SIMULATOR: I 200406 14:23:47 main:324] Moving block b'BLOCK_5e9be454-4d9a-4805-885d-1fd75dc504d8' to new location vtkMatrix4x4 (0x7f9d076f1250)
      Debug: Off
      Modified Time: 59966739
      Reference Count: 3
      Registered Events: (none)
      Elements:
        -3.90532e-16 -0.707107 -0.707107 1.5094 
        -3.55562e-16 -0.707107 0.707107 2.5094 
        -1 5.45568e-16 6.12323e-17 3.17932 
        0 0 0 1 
    
    
[SIMULATOR: I 200406 14:23:47 main:316] Already know about block b'BLOCK_5e9be454-4d9a-4805-885d-1fd75dc504d8'
[SIMULATOR: I 200406 14:23:47 main:324] Moving block b'BLOCK_5e9be454-4d9a-4805-885d-1fd75dc504d8' to new location vtkMatrix4x4 (0x7f9d076bd600)
      Debug: Off
      Modified Time: 59966863
      Reference Count: 3
      Registered Events: (none)
      Elements:
        -3.90532e-16 -0.707107 -0.707107 1.5094 
        -3.55562e-16 -0.707107 0.707107 2.5094 
        -1 5.45568e-16 6.12323e-17 3.17932 
        0 0 0 1 
    
    
[SIMULATOR: I 200406 14:23:47 main:316] Already know about block b'BLOCK_5e9be454-4d9a-4805-885d-1fd75dc504d8'
[SIMULATOR: I 200406 14:23:47 main:324] Moving block b'BLOCK_5e9be454-4d9a-4805-885d-1fd75dc504d8' to new location vtkMatrix4x4 (0x7f9d08562cf0)
      Debug: Off
      Modified Time: 59993764
      Reference Count: 3
      Registered Events: (none)
      Elements:
        -8.25391e-17 -0.447214 -0.894427 2.0047 
        -2.34525e-17 -0.894427 0.447214 2.5094 
        -1 -1.61681e-17 6.12323e-17 3.17932 
        0 0 0 1 
    
    
[SIMULATOR: I 200406 14:23:47 main:316] Already know about block b'BLOCK_5e9be454-4d9a-4805-885d-1fd75dc504d8'
[SIMULATOR: I 200406 14:23:47 main:324] Moving block b'BLOCK_5e9be454-4d9a-4805-885d-1fd75dc504d8' to new location vtkMatrix4x4 (0x7f9d076b9e20)
      Debug: Off
      Modified Time: 60020597
      Reference Count: 3
      Registered Events: (none)
      Elements:
        -4.13166e-17 -0.102965 -0.994685 2.39746 
        2.54808e-16 -0.994685 0.102965 2.5094 
        -1 -1.6884e-16 6.12323e-17 3.17932 
        0 0 0 1 
    
    
[SIMULATOR: I 200406 14:23:47 main:316] Already know about block b'BLOCK_5e9be454-4d9a-4805-885d-1fd75dc504d8'
[SIMULATOR: I 200406 14:23:47 main:324] Moving block b'BLOCK_5e9be454-4d9a-4805-885d-1fd75dc504d8' to new location vtkMatrix4x4 (0x7f9d081f45e0)
      Debug: Off
      Modified Time: 60047430
      Reference Count: 3
      Registered Events: (none)
      Elements:
        -6.12323e-17 1.83759e-15 -1 2.5 
        1.88411e-17 -1 -1.83759e-15 2.5094 
        -1 2.75513e-17 6.12323e-17 3.17932 
        0 0 0 1 
    
    
[SIMULATOR: I 200406 14:23:48 main:316] Already know about block b'BLOCK_5e9be454-4d9a-4805-885d-1fd75dc504d8'
[SIMULATOR: I 200406 14:23:48 main:324] Moving block b'BLOCK_5e9be454-4d9a-4805-885d-1fd75dc504d8' to new location vtkMatrix4x4 (0x7f9d076bc410)
      Debug: Off
      Modified Time: 60153831
      Reference Count: 3
      Registered Events: (none)
      Elements:
        -6.12323e-17 1.83759e-15 -1 2.5 
        1.88411e-17 -1 -1.83759e-15 2.5094 
        -1 2.75513e-17 6.12323e-17 3.17932 
        0 0 0 1 
    
    
[SIMULATOR: I 200406 14:23:48 main:316] Already know about block b'BLOCK_5e9be454-4d9a-4805-885d-1fd75dc504d8'
[SIMULATOR: I 200406 14:23:48 main:324] Moving block b'BLOCK_5e9be454-4d9a-4805-885d-1fd75dc504d8' to new location vtkMatrix4x4 (0x7f9d08607c00)
      Debug: Off
      Modified Time: 60207093
      Reference Count: 3
      Registered Events: (none)
      Elements:
        -1.89502e-16 0.707107 -0.707107 2.9953 
        1.05412e-16 -0.707107 -0.707107 3.0047 
        -1 -2.51846e-16 6.12323e-17 3.17932 
        0 0 0 1 
    
    
[SIMULATOR: I 200406 14:23:48 main:316] Already know about block b'BLOCK_5e9be454-4d9a-4805-885d-1fd75dc504d8'
[SIMULATOR: I 200406 14:23:48 main:324] Moving block b'BLOCK_5e9be454-4d9a-4805-885d-1fd75dc504d8' to new location vtkMatrix4x4 (0x7f9d076d42f0)
      Debug: Off
      Modified Time: 60313274
      Reference Count: 3
      Registered Events: (none)
      Elements:
        1.96077e-16 1 0 3.4906 
        -6.12323e-17 1.04199e-32 -1 3.5 
        -1 1.89621e-16 6.12323e-17 3.17932 
        0 0 0 1 
    
    
[SIMULATOR: I 200406 14:23:48 main:316] Already know about block b'BLOCK_5e9be454-4d9a-4805-885d-1fd75dc504d8'
[SIMULATOR: I 200406 14:23:48 main:324] Moving block b'BLOCK_5e9be454-4d9a-4805-885d-1fd75dc504d8' to new location vtkMatrix4x4 (0x7f9d076d5730)
      Debug: Off
      Modified Time: 60313334
      Reference Count: 3
      Registered Events: (none)
      Elements:
        1.96077e-16 1 0 3.4906 
        -6.12323e-17 1.04199e-32 -1 3.5 
        -1 1.89621e-16 6.12323e-17 3.17932 
        0 0 0 1 
    
    
[SIMULATOR: I 200406 14:23:48 main:316] Already know about block b'BLOCK_5e9be454-4d9a-4805-885d-1fd75dc504d8'
[SIMULATOR: I 200406 14:23:48 main:324] Moving block b'BLOCK_5e9be454-4d9a-4805-885d-1fd75dc504d8' to new location vtkMatrix4x4 (0x7f9d08603020)
      Debug: Off
      Modified Time: 60313394
      Reference Count: 3
      Registered Events: (none)
      Elements:
        -2.47944e-16 1 0 3.4906 
        -6.12323e-17 -1.54037e-32 -1 3.5 
        -1 -2.36022e-16 6.12323e-17 3.05627 
        0 0 0 1 
    
    
[SIMULATOR: I 200406 14:23:49 main:316] Already know about block b'BLOCK_5e9be454-4d9a-4805-885d-1fd75dc504d8'
[SIMULATOR: I 200406 14:23:49 main:324] Moving block b'BLOCK_5e9be454-4d9a-4805-885d-1fd75dc504d8' to new location vtkMatrix4x4 (0x7f9d08470cf0)
      Debug: Off
      Modified Time: 60393747
      Reference Count: 3
      Registered Events: (none)
      Elements:
        -2.17925e-16 1 1.77636e-15 3.4906 
        -6.12323e-17 1.77636e-15 -1 3.5 
        -1 -2.38871e-16 6.12323e-17 2.58496 
        0 0 0 1 
    
    
[SIMULATOR: I 200406 14:23:49 main:316] Already know about block b'BLOCK_5e9be454-4d9a-4805-885d-1fd75dc504d8'
[SIMULATOR: I 200406 14:23:49 main:324] Moving block b'BLOCK_5e9be454-4d9a-4805-885d-1fd75dc504d8' to new location vtkMatrix4x4 (0x7f9d076d66a0)
      Debug: Off
      Modified Time: 60393814
      Reference Count: 3
      Registered Events: (none)
      Elements:
        1.5339e-16 1 2.22045e-15 3.4906 
        -6.12323e-17 2.22045e-15 -1 3.5 
        -1 1.52969e-16 6.12323e-17 2.11365 
        0 0 0 1 
    
    
[SIMULATOR: I 200406 14:24:03 main:316] Already know about block b'BLOCK_12c22c44-5959-43b3-a432-ca0d0d870ad2'
[SIMULATOR: I 200406 14:24:03 main:324] Moving block b'BLOCK_12c22c44-5959-43b3-a432-ca0d0d870ad2' to new location vtkMatrix4x4 (0x7f9d081f68c0)
      Debug: Off
      Modified Time: 63687547
      Reference Count: 3
      Registered Events: (none)
      Elements:
        -5.40873e-16 -0.707107 -0.707107 0.5094 
        -4.05855e-16 -0.707107 0.707107 0.5094 
        -1 7.64534e-16 6.12323e-17 1.9906 
        0 0 0 1 
    
    
[SIMULATOR: I 200406 14:24:04 main:316] Already know about block b'BLOCK_12c22c44-5959-43b3-a432-ca0d0d870ad2'
[SIMULATOR: I 200406 14:24:04 main:324] Moving block b'BLOCK_12c22c44-5959-43b3-a432-ca0d0d870ad2' to new location vtkMatrix4x4 (0x7f9d08608a50)
      Debug: Off
      Modified Time: 63740809
      Reference Count: 3
      Registered Events: (none)
      Elements:
        -2.97984e-16 -0.707107 -0.707107 0.5094 
        -2.71926e-16 -0.707107 0.707107 0.5094 
        -1 3.67103e-16 6.12323e-17 2.58496 
        0 0 0 1 
    
    
[SIMULATOR: I 200406 14:24:04 main:316] Already know about block b'BLOCK_12c22c44-5959-43b3-a432-ca0d0d870ad2'
[SIMULATOR: I 200406 14:24:04 main:324] Moving block b'BLOCK_12c22c44-5959-43b3-a432-ca0d0d870ad2' to new location vtkMatrix4x4 (0x7f9d076c0dd0)
      Debug: Off
      Modified Time: 63820500
      Reference Count: 3
      Registered Events: (none)
      Elements:
        -4.32159e-17 -0.707107 -0.707107 0.5094 
        3.30846e-17 -0.707107 0.707107 0.5094 
        -1 1.42807e-17 6.12323e-17 3.05627 
        0 0 0 1 
    
    
[SIMULATOR: I 200406 14:24:04 main:316] Already know about block b'BLOCK_12c22c44-5959-43b3-a432-ca0d0d870ad2'
[SIMULATOR: I 200406 14:24:04 main:324] Moving block b'BLOCK_12c22c44-5959-43b3-a432-ca0d0d870ad2' to new location vtkMatrix4x4 (0x7f9d08449680)
      Debug: Off
      Modified Time: 63820568
      Reference Count: 3
      Registered Events: (none)
      Elements:
        9.99623e-17 -0.707107 -0.707107 0.5094 
        1.7609e-16 -0.707107 0.707107 0.5094 
        -1 -1.76217e-16 6.12323e-17 3.17932 
        0 0 0 1 
    
    
[SIMULATOR: I 200406 14:24:04 main:316] Already know about block b'BLOCK_12c22c44-5959-43b3-a432-ca0d0d870ad2'
[SIMULATOR: I 200406 14:24:04 main:324] Moving block b'BLOCK_12c22c44-5959-43b3-a432-ca0d0d870ad2' to new location vtkMatrix4x4 (0x7f9d083eb710)
      Debug: Off
      Modified Time: 63900664
      Reference Count: 3
      Registered Events: (none)
      Elements:
        9.99623e-17 -0.707107 -0.707107 0.5094 
        1.7609e-16 -0.707107 0.707107 0.5094 
        -1 -1.76217e-16 6.12323e-17 3.17932 
        0 0 0 1 
    
    
[SIMULATOR: I 200406 14:24:05 main:316] Already know about block b'BLOCK_12c22c44-5959-43b3-a432-ca0d0d870ad2'
[SIMULATOR: I 200406 14:24:05 main:324] Moving block b'BLOCK_12c22c44-5959-43b3-a432-ca0d0d870ad2' to new location vtkMatrix4x4 (0x7f9d08620800)
      Debug: Off
      Modified Time: 64059711
      Reference Count: 3
      Registered Events: (none)
      Elements:
        -1.02547e-16 -0.744594 -0.667517 0.5094 
        2.53175e-17 -0.667517 0.744594 0.611943 
        -1 7.48423e-17 6.12323e-17 3.17932 
        0 0 0 1 
    
    
[SIMULATOR: I 200406 14:24:05 main:316] Already know about block b'BLOCK_12c22c44-5959-43b3-a432-ca0d0d870ad2'
[SIMULATOR: I 200406 14:24:05 main:324] Moving block b'BLOCK_12c22c44-5959-43b3-a432-ca0d0d870ad2' to new location vtkMatrix4x4 (0x7f9d085682f0)
      Debug: Off
      Modified Time: 64112973
      Reference Count: 3
      Registered Events: (none)
      Elements:
        -1.9374e-16 -1 -3.67518e-15 0.5094 
        6.12323e-17 -3.67518e-15 1 1.5 
        -1 2.19713e-16 6.12323e-17 3.17932 
        0 0 0 1 
    
    
[SIMULATOR: I 200406 14:24:05 main:316] Already know about block b'BLOCK_12c22c44-5959-43b3-a432-ca0d0d870ad2'
[SIMULATOR: I 200406 14:24:05 main:324] Moving block b'BLOCK_12c22c44-5959-43b3-a432-ca0d0d870ad2' to new location vtkMatrix4x4 (0x7f9d085556d0)
      Debug: Off
      Modified Time: 64166233
      Reference Count: 3
      Registered Events: (none)
      Elements:
        6.12323e-17 -1.92298e-15 1 1.5 
        2.33144e-18 1 1.92298e-15 2.4906 
        -1 4.44695e-17 6.12323e-17 3.17932 
        0 0 0 1 
    
    
[SIMULATOR: I 200406 14:24:06 main:316] Already know about block b'BLOCK_12c22c44-5959-43b3-a432-ca0d0d870ad2'
[SIMULATOR: I 200406 14:24:06 main:324] Moving block b'BLOCK_12c22c44-5959-43b3-a432-ca0d0d870ad2' to new location vtkMatrix4x4 (0x7f9d081d9420)
      Debug: Off
      Modified Time: 64219495
      Reference Count: 3
      Registered Events: (none)
      Elements:
        2.6766e-16 0.404474 0.91455 2.28551 
        4.49431e-16 0.91455 -0.404474 3.27611 
        -1 5.15098e-16 6.12323e-17 3.17932 
        0 0 0 1 
    
    
[SIMULATOR: I 200406 14:24:06 main:316] Already know about block b'BLOCK_12c22c44-5959-43b3-a432-ca0d0d870ad2'
[SIMULATOR: I 200406 14:24:06 main:324] Moving block b'BLOCK_12c22c44-5959-43b3-a432-ca0d0d870ad2' to new location vtkMatrix4x4 (0x7f9d081f4500)
      Debug: Off
      Modified Time: 64272757
      Reference Count: 3
      Registered Events: (none)
      Elements:
        -1.16592e-16 0.447214 0.894427 2.4906 
        -3.65032e-16 0.894427 -0.447214 3.4812 
        -1 -3.83382e-16 6.12323e-17 3.17932 
        0 0 0 1 
    
    
[SIMULATOR: I 200406 14:24:06 main:316] Already know about block b'BLOCK_12c22c44-5959-43b3-a432-ca0d0d870ad2'
[SIMULATOR: I 200406 14:24:06 main:324] Moving block b'BLOCK_12c22c44-5959-43b3-a432-ca0d0d870ad2' to new location vtkMatrix4x4 (0x7f9d086078e0)
      Debug: Off
      Modified Time: 64352517
      Reference Count: 3
      Registered Events: (none)
      Elements:
        8.40729e-17 0.447214 0.894427 2.4906 
        2.60365e-17 0.894427 -0.447214 3.4812 
        -1 5.76025e-17 6.12323e-17 3.05627 
        0 0 0 1 
    
    
[SIMULATOR: I 200406 14:24:07 main:316] Already know about block b'BLOCK_12c22c44-5959-43b3-a432-ca0d0d870ad2'
[SIMULATOR: I 200406 14:24:07 main:324] Moving block b'BLOCK_12c22c44-5959-43b3-a432-ca0d0d870ad2' to new location vtkMatrix4x4 (0x7f9d08454c80)
      Debug: Off
      Modified Time: 64432208
      Reference Count: 3
      Registered Events: (none)
      Elements:
        8.26172e-17 0.447214 0.894427 2.4906 
        2.43731e-17 0.894427 -0.447214 3.4812 
        -1 4.88738e-17 6.12323e-17 2.58496 
        0 0 0 1 
    
    
[SIMULATOR: I 200406 14:24:07 main:316] Already know about block b'BLOCK_12c22c44-5959-43b3-a432-ca0d0d870ad2'
[SIMULATOR: I 200406 14:24:07 main:324] Moving block b'BLOCK_12c22c44-5959-43b3-a432-ca0d0d870ad2' to new location vtkMatrix4x4 (0x7f9d0846f640)
      Debug: Off
      Modified Time: 64432276
      Reference Count: 3
      Registered Events: (none)
      Elements:
        9.37843e-17 0.447214 0.894427 2.4906 
        2.11103e-18 0.894427 -0.447214 3.4812 
        -1 2.40139e-17 6.12323e-17 2.11365 
        0 0 0 1 
    
    
[SIMULATOR: I 200406 14:24:07 main:316] Already know about block b'BLOCK_12c22c44-5959-43b3-a432-ca0d0d870ad2'
[SIMULATOR: I 200406 14:24:07 main:324] Moving block b'BLOCK_12c22c44-5959-43b3-a432-ca0d0d870ad2' to new location vtkMatrix4x4 (0x7f9d083ec1f0)
      Debug: Off
      Modified Time: 64512372
      Reference Count: 3
      Registered Events: (none)
      Elements:
        -2.417e-17 0.447214 0.894427 2.4906 
        -1.75761e-16 0.894427 -0.447214 3.4812 
        -1 -1.48165e-16 6.12323e-17 1.9906 
        0 0 0 1 
    
    
[SIMULATOR: I 200406 14:24:15 main:316] Already know about block b'BLOCK_6916b7dd-b597-4575-a1b5-61263b6efdb4'
[SIMULATOR: I 200406 14:24:15 main:324] Moving block b'BLOCK_6916b7dd-b597-4575-a1b5-61263b6efdb4' to new location vtkMatrix4x4 (0x7f9d0855b990)
      Debug: Off
      Modified Time: 66319478
      Reference Count: 3
      Registered Events: (none)
      Elements:
        -6.12323e-17 6.12323e-17 -1 0.5 
        -7.21406e-17 -1 -6.12323e-17 0.5094 
        -1 4.06829e-17 6.12323e-17 1.9906 
        0 0 0 1 
    
    
[SIMULATOR: I 200406 14:24:15 main:316] Already know about block b'BLOCK_6916b7dd-b597-4575-a1b5-61263b6efdb4'
[SIMULATOR: I 200406 14:24:15 main:324] Moving block b'BLOCK_6916b7dd-b597-4575-a1b5-61263b6efdb4' to new location vtkMatrix4x4 (0x7f9d0856f0d0)
      Debug: Off
      Modified Time: 66399238
      Reference Count: 3
      Registered Events: (none)
      Elements:
        -6.12323e-17 6.12323e-17 -1 0.5 
        -1.15839e-16 -1 -6.12323e-17 0.5094 
        -1 1.94242e-16 6.12323e-17 2.11365 
        0 0 0 1 
    
    
[SIMULATOR: I 200406 14:24:15 main:316] Already know about block b'BLOCK_6916b7dd-b597-4575-a1b5-61263b6efdb4'
[SIMULATOR: I 200406 14:24:15 main:324] Moving block b'BLOCK_6916b7dd-b597-4575-a1b5-61263b6efdb4' to new location vtkMatrix4x4 (0x7f9d08460090)
      Debug: Off
      Modified Time: 66531787
      Reference Count: 3
      Registered Events: (none)
      Elements:
        -6.12323e-17 6.12323e-17 -1 0.5 
        -6.90934e-16 -1 -6.12323e-17 0.5094 
        -1 6.86559e-16 6.12323e-17 3.17932 
        0 0 0 1 
    
    
[SIMULATOR: I 200406 14:24:16 main:316] Already know about block b'BLOCK_6916b7dd-b597-4575-a1b5-61263b6efdb4'
[SIMULATOR: I 200406 14:24:16 main:324] Moving block b'BLOCK_6916b7dd-b597-4575-a1b5-61263b6efdb4' to new location vtkMatrix4x4 (0x7f9d0860c490)
      Debug: Off
      Modified Time: 66585049
      Reference Count: 3
      Registered Events: (none)
      Elements:
        -3.72485e-18 0.114706 -0.993399 0.602543 
        -3.8292e-16 -0.993399 -0.114706 0.611943 
        -1 4.9533e-16 6.12323e-17 3.17932 
        0 0 0 1 
    
    
[SIMULATOR: I 200406 14:24:16 main:316] Already know about block b'BLOCK_6916b7dd-b597-4575-a1b5-61263b6efdb4'
[SIMULATOR: I 200406 14:24:16 main:324] Moving block b'BLOCK_6916b7dd-b597-4575-a1b5-61263b6efdb4' to new location vtkMatrix4x4 (0x7f9d085682f0)
      Debug: Off
      Modified Time: 66585117
      Reference Count: 3
      Registered Events: (none)
      Elements:
        -2.33371e-16 0.993399 -0.114706 1.38806 
        -4.99587e-17 -0.114706 -0.993399 1.39746 
        -1 -2.01117e-16 6.12323e-17 3.17932 
        0 0 0 1 
    
    
[SIMULATOR: I 200406 14:24:16 main:316] Already know about block b'BLOCK_6916b7dd-b597-4575-a1b5-61263b6efdb4'
[SIMULATOR: I 200406 14:24:16 main:324] Moving block b'BLOCK_6916b7dd-b597-4575-a1b5-61263b6efdb4' to new location vtkMatrix4x4 (0x7f9d0860c490)
      Debug: Off
      Modified Time: 66665143
      Reference Count: 3
      Registered Events: (none)
      Elements:
        -2.43214e-16 1 -3.55271e-15 1.4906 
        -6.12323e-17 -3.55271e-15 -1 1.5 
        -1 -2.07918e-16 6.12323e-17 3.17932 
        0 0 0 1 
    
    
[SIMULATOR: I 200406 14:24:16 main:316] Already know about block b'BLOCK_6916b7dd-b597-4575-a1b5-61263b6efdb4'
[SIMULATOR: I 200406 14:24:16 main:324] Moving block b'BLOCK_6916b7dd-b597-4575-a1b5-61263b6efdb4' to new location vtkMatrix4x4 (0x7f9d086048a0)
      Debug: Off
      Modified Time: 66744902
      Reference Count: 3
      Registered Events: (none)
      Elements:
        -2.43214e-16 1 -3.55271e-15 1.4906 
        -6.12323e-17 -3.55271e-15 -1 1.5 
        -1 -2.07918e-16 6.12323e-17 3.17932 
        0 0 0 1 
    
    
[SIMULATOR: I 200406 14:24:17 main:316] Already know about block b'BLOCK_6916b7dd-b597-4575-a1b5-61263b6efdb4'
[SIMULATOR: I 200406 14:24:17 main:324] Moving block b'BLOCK_6916b7dd-b597-4575-a1b5-61263b6efdb4' to new location vtkMatrix4x4 (0x7f9d076ef470)
      Debug: Off
      Modified Time: 66903880
      Reference Count: 3
      Registered Events: (none)
      Elements:
        8.72323e-17 0.707107 0.707107 1.4906 
        1.14807e-17 0.707107 -0.707107 2.4906 
        -1 8.81785e-17 6.12323e-17 3.17932 
        0 0 0 1 
    
    
[SIMULATOR: I 200406 14:24:17 main:316] Already know about block b'BLOCK_6916b7dd-b597-4575-a1b5-61263b6efdb4'
[SIMULATOR: I 200406 14:24:17 main:324] Moving block b'BLOCK_6916b7dd-b597-4575-a1b5-61263b6efdb4' to new location vtkMatrix4x4 (0x7f9d0769ef00)
      Debug: Off
      Modified Time: 66903948
      Reference Count: 3
      Registered Events: (none)
      Elements:
        -1.77794e-17 0.447214 0.894427 1.4906 
        -1.77739e-16 0.894427 -0.447214 3.4812 
        -1 -1.68276e-16 6.12323e-17 3.17932 
        0 0 0 1 
    
    
[SIMULATOR: I 200406 14:24:17 main:316] Already know about block b'BLOCK_6916b7dd-b597-4575-a1b5-61263b6efdb4'
[SIMULATOR: I 200406 14:24:17 main:324] Moving block b'BLOCK_6916b7dd-b597-4575-a1b5-61263b6efdb4' to new location vtkMatrix4x4 (0x7f9d08544f60)
      Debug: Off
      Modified Time: 66930841
      Reference Count: 3
      Registered Events: (none)
      Elements:
        -1.18852e-16 0.447214 0.894427 1.4906 
        -3.72966e-16 0.894427 -0.447214 3.4812 
        -1 -3.86281e-16 6.12323e-17 3.05627 
        0 0 0 1 
    
    
[SIMULATOR: I 200406 14:24:17 main:316] Already know about block b'BLOCK_6916b7dd-b597-4575-a1b5-61263b6efdb4'
[SIMULATOR: I 200406 14:24:17 main:324] Moving block b'BLOCK_6916b7dd-b597-4575-a1b5-61263b6efdb4' to new location vtkMatrix4x4 (0x7f9d076af000)
      Debug: Off
      Modified Time: 67010808
      Reference Count: 3
      Registered Events: (none)
      Elements:
        2.81775e-16 0.447214 0.894427 1.4906 
        4.23887e-16 0.894427 -0.447214 3.4812 
        -1 4.93083e-16 6.12323e-17 2.58496 
        0 0 0 1 
    
    
[SIMULATOR: I 200406 14:24:17 main:316] Already know about block b'BLOCK_6916b7dd-b597-4575-a1b5-61263b6efdb4'
[SIMULATOR: I 200406 14:24:17 main:324] Moving block b'BLOCK_6916b7dd-b597-4575-a1b5-61263b6efdb4' to new location vtkMatrix4x4 (0x7f9d08566d90)
      Debug: Off
      Modified Time: 67010931
      Reference Count: 3
      Registered Events: (none)
      Elements:
        5.08892e-17 0.447214 0.894427 1.4906 
        -4.19701e-18 0.894427 -0.447214 3.4812 
        -1 2.40139e-17 6.12323e-17 2.11365 
        0 0 0 1 
    
    
[SIMULATOR: I 200406 14:24:17 main:316] Already know about block b'BLOCK_6916b7dd-b597-4575-a1b5-61263b6efdb4'
[SIMULATOR: I 200406 14:24:17 main:324] Moving block b'BLOCK_6916b7dd-b597-4575-a1b5-61263b6efdb4' to new location vtkMatrix4x4 (0x7f9d08481860)
      Debug: Off
      Modified Time: 67037709
      Reference Count: 3
      Registered Events: (none)
      Elements:
        -2.417e-17 0.447214 0.894427 1.4906 
        -1.75761e-16 0.894427 -0.447214 3.4812 
        -1 -1.48165e-16 6.12323e-17 1.9906 
        0 0 0 1 
    
    
[SIMULATOR: I 200406 14:24:28 main:316] Already know about block b'BLOCK_ae3a8171-72f2-466c-9610-68b583514412'
[SIMULATOR: I 200406 14:24:28 main:324] Moving block b'BLOCK_ae3a8171-72f2-466c-9610-68b583514412' to new location vtkMatrix4x4 (0x7f9d076f57a0)
      Debug: Off
      Modified Time: 71517850
      Reference Count: 3
      Registered Events: (none)
      Elements:
        -2.17948e-16 -0.707107 -0.707107 0.5094 
        -8.29303e-17 -0.707107 0.707107 0.5094 
        -1 2.13273e-16 6.12323e-17 1.9906 
        0 0 0 1 
    
    
[SIMULATOR: I 200406 14:24:28 main:316] Already know about block b'BLOCK_ae3a8171-72f2-466c-9610-68b583514412'
[SIMULATOR: I 200406 14:24:28 main:324] Moving block b'BLOCK_ae3a8171-72f2-466c-9610-68b583514412' to new location vtkMatrix4x4 (0x7f9d08474d70)
      Debug: Off
      Modified Time: 71571112
      Reference Count: 3
      Registered Events: (none)
      Elements:
        -5.7863e-16 -0.707107 -0.707107 0.5094 
        -4.35577e-16 -0.707107 0.707107 0.5094 
        -1 8.21881e-16 6.12323e-17 2.11365 
        0 0 0 1 
    
    
[SIMULATOR: I 200406 14:24:28 main:316] Already know about block b'BLOCK_ae3a8171-72f2-466c-9610-68b583514412'
[SIMULATOR: I 200406 14:24:28 main:324] Moving block b'BLOCK_ae3a8171-72f2-466c-9610-68b583514412' to new location vtkMatrix4x4 (0x7f9d084718d0)
      Debug: Off
      Modified Time: 71730090
      Reference Count: 3
      Registered Events: (none)
      Elements:
        -2.38883e-16 -0.707107 -0.707107 0.5094 
        -1.8507e-16 -0.707107 0.707107 0.5094 
        -1 2.75382e-16 6.12323e-17 2.58496 
        0 0 0 1 
    
    
[SIMULATOR: I 200406 14:24:29 main:316] Already know about block b'BLOCK_ae3a8171-72f2-466c-9610-68b583514412'
[SIMULATOR: I 200406 14:24:29 main:324] Moving block b'BLOCK_ae3a8171-72f2-466c-9610-68b583514412' to new location vtkMatrix4x4 (0x7f9d081ea600)
      Debug: Off
      Modified Time: 71783352
      Reference Count: 3
      Registered Events: (none)
      Elements:
        2.62346e-16 -0.707107 -0.707107 0.5094 
        3.38647e-16 -0.707107 0.707107 0.5094 
        -1 -4.22345e-16 6.12323e-17 3.05627 
        0 0 0 1 
    
    
[SIMULATOR: I 200406 14:24:29 main:316] Already know about block b'BLOCK_ae3a8171-72f2-466c-9610-68b583514412'
[SIMULATOR: I 200406 14:24:29 main:324] Moving block b'BLOCK_ae3a8171-72f2-466c-9610-68b583514412' to new location vtkMatrix4x4 (0x7f9d08417570)
      Debug: Off
      Modified Time: 71942399
      Reference Count: 3
      Registered Events: (none)
      Elements:
        -4.84572e-17 -0.707107 -0.707107 0.5094 
        1.48839e-20 -0.707107 0.707107 0.5094 
        -1 6.08659e-17 6.12323e-17 3.17932 
        0 0 0 1 
    
    
[SIMULATOR: I 200406 14:24:29 main:316] Already know about block b'BLOCK_ae3a8171-72f2-466c-9610-68b583514412'
[SIMULATOR: I 200406 14:24:29 main:324] Moving block b'BLOCK_ae3a8171-72f2-466c-9610-68b583514412' to new location vtkMatrix4x4 (0x7f9d0816da90)
      Debug: Off
      Modified Time: 71942522
      Reference Count: 3
      Registered Events: (none)
      Elements:
        -4.84572e-17 -0.707107 -0.707107 0.5094 
        1.48839e-20 -0.707107 0.707107 0.5094 
        -1 6.08659e-17 6.12323e-17 3.17932 
        0 0 0 1 
    
    
[SIMULATOR: I 200406 14:24:30 main:316] Already know about block b'BLOCK_ae3a8171-72f2-466c-9610-68b583514412'
[SIMULATOR: I 200406 14:24:30 main:324] Moving block b'BLOCK_ae3a8171-72f2-466c-9610-68b583514412' to new location vtkMatrix4x4 (0x7f9d08475090)
      Debug: Off
      Modified Time: 72154639
      Reference Count: 3
      Registered Events: (none)
      Elements:
        -2.92124e-16 -0.744594 -0.667517 0.5094 
        -1.23215e-16 -0.667517 0.744594 0.611943 
        -1 2.57381e-16 6.12323e-17 3.17932 
        0 0 0 1 
    
    
[SIMULATOR: I 200406 14:24:30 main:316] Already know about block b'BLOCK_ae3a8171-72f2-466c-9610-68b583514412'
[SIMULATOR: I 200406 14:24:30 main:324] Moving block b'BLOCK_ae3a8171-72f2-466c-9610-68b583514412' to new location vtkMatrix4x4 (0x7f9d076d5250)
      Debug: Off
      Modified Time: 72260759
      Reference Count: 3
      Registered Events: (none)
      Elements:
        -7.77966e-17 -0.894427 -0.447214 0.5094 
        1.7752e-17 -0.447214 0.894427 1.0047 
        -1 3.60733e-17 6.12323e-17 3.17932 
        0 0 0 1 
    
    
[SIMULATOR: I 200406 14:24:30 main:316] Already know about block b'BLOCK_ae3a8171-72f2-466c-9610-68b583514412'
[SIMULATOR: I 200406 14:24:30 main:324] Moving block b'BLOCK_ae3a8171-72f2-466c-9610-68b583514412' to new location vtkMatrix4x4 (0x7f9d0479efc0)
      Debug: Off
      Modified Time: 72287592
      Reference Count: 3
      Registered Events: (none)
      Elements:
        -2.10559e-16 -0.994685 -0.102965 0.5094 
        3.40948e-17 -0.102965 0.994685 1.39746 
        -1 2.47494e-16 6.12323e-17 3.17932 
        0 0 0 1 
    
    
[SIMULATOR: I 200406 14:24:30 main:316] Already know about block b'BLOCK_ae3a8171-72f2-466c-9610-68b583514412'
[SIMULATOR: I 200406 14:24:30 main:324] Moving block b'BLOCK_ae3a8171-72f2-466c-9610-68b583514412' to new location vtkMatrix4x4 (0x7f9d0769f140)
      Debug: Off
      Modified Time: 72446639
      Reference Count: 3
      Registered Events: (none)
      Elements:
        1.85988e-16 -1 -3.67518e-15 0.5094 
        6.12323e-17 -3.67518e-15 1 1.5 
        -1 -2.19167e-16 6.12323e-17 3.17932 
        0 0 0 1 
    
    
[SIMULATOR: I 200406 14:24:31 main:316] Already know about block b'BLOCK_ae3a8171-72f2-466c-9610-68b583514412'
[SIMULATOR: I 200406 14:24:31 main:324] Moving block b'BLOCK_ae3a8171-72f2-466c-9610-68b583514412' to new location vtkMatrix4x4 (0x7f9d08449680)
      Debug: Off
      Modified Time: 72605617
      Reference Count: 3
      Registered Events: (none)
      Elements:
        -2.59824e-16 -0.993399 0.114706 0.611943 
        8.6296e-17 0.114706 0.993399 1.60254 
        -1 2.38067e-16 6.12323e-17 3.17932 
        0 0 0 1 
    
    
[SIMULATOR: I 200406 14:24:31 main:316] Already know about block b'BLOCK_ae3a8171-72f2-466c-9610-68b583514412'
[SIMULATOR: I 200406 14:24:31 main:324] Moving block b'BLOCK_ae3a8171-72f2-466c-9610-68b583514412' to new location vtkMatrix4x4 (0x7f9d081ea600)
      Debug: Off
      Modified Time: 72605740
      Reference Count: 3
      Registered Events: (none)
      Elements:
        1.36256e-17 -0.707107 0.707107 1.0047 
        1.86405e-17 0.707107 0.707107 1.9953 
        -1 -5.29335e-18 6.12323e-17 3.17932 
        0 0 0 1 
    
    
[SIMULATOR: I 200406 14:24:31 main:316] Already know about block b'BLOCK_ae3a8171-72f2-466c-9610-68b583514412'
[SIMULATOR: I 200406 14:24:31 main:324] Moving block b'BLOCK_ae3a8171-72f2-466c-9610-68b583514412' to new location vtkMatrix4x4 (0x7f9d084796c0)
      Debug: Off
      Modified Time: 72712141
      Reference Count: 3
      Registered Events: (none)
      Elements:
        8.66457e-17 -0.114706 0.993399 1.39746 
        -1.42785e-16 0.993399 0.114706 2.38806 
        -1 -2.03128e-16 6.12323e-17 3.17932 
        0 0 0 1 
    
    
[SIMULATOR: I 200406 14:24:31 main:316] Already know about block b'BLOCK_ae3a8171-72f2-466c-9610-68b583514412'
[SIMULATOR: I 200406 14:24:31 main:324] Moving block b'BLOCK_ae3a8171-72f2-466c-9610-68b583514412' to new location vtkMatrix4x4 (0x7f9d076ef470)
      Debug: Off
      Modified Time: 72924044
      Reference Count: 3
      Registered Events: (none)
      Elements:
        6.12323e-17 -3.41113e-15 1 1.5 
        3.16011e-17 1 3.41113e-15 2.4906 
        -1 4.0418e-18 6.12323e-17 3.17932 
        0 0 0 1 
    
    
[SIMULATOR: I 200406 14:24:31 main:316] Already know about block b'BLOCK_ae3a8171-72f2-466c-9610-68b583514412'
[SIMULATOR: I 200406 14:24:31 main:324] Moving block b'BLOCK_ae3a8171-72f2-466c-9610-68b583514412' to new location vtkMatrix4x4 (0x7f9d076d6780)
      Debug: Off
      Modified Time: 72924165
      Reference Count: 3
      Registered Events: (none)
      Elements:
        6.12323e-17 -3.41113e-15 1 1.5 
        3.16011e-17 1 3.41113e-15 2.4906 
        -1 4.0418e-18 6.12323e-17 3.17932 
        0 0 0 1 
    
    
[SIMULATOR: I 200406 14:24:32 main:316] Already know about block b'BLOCK_ae3a8171-72f2-466c-9610-68b583514412'
[SIMULATOR: I 200406 14:24:32 main:324] Moving block b'BLOCK_ae3a8171-72f2-466c-9610-68b583514412' to new location vtkMatrix4x4 (0x7f9d086048a0)
      Debug: Off
      Modified Time: 73215636
      Reference Count: 3
      Registered Events: (none)
      Elements:
        6.12323e-17 -3.16311e-15 1 1.5 
        1.79224e-17 1 3.16311e-15 2.4906 
        -1 9.09556e-18 6.12323e-17 3.05627 
        0 0 0 1 
    
    
[SIMULATOR: I 200406 14:24:32 main:316] Already know about block b'BLOCK_ae3a8171-72f2-466c-9610-68b583514412'
[SIMULATOR: I 200406 14:24:32 main:324] Moving block b'BLOCK_ae3a8171-72f2-466c-9610-68b583514412' to new location vtkMatrix4x4 (0x7f9d081793a0)
      Debug: Off
      Modified Time: 73215702
      Reference Count: 3
      Registered Events: (none)
      Elements:
        6.12323e-17 -1.67495e-15 1 1.5 
        8.92899e-17 1 1.67495e-15 2.4906 
        -1 2.12932e-17 6.12323e-17 2.58496 
        0 0 0 1 
    
    
[SIMULATOR: I 200406 14:24:32 main:316] Already know about block b'BLOCK_ae3a8171-72f2-466c-9610-68b583514412'
[SIMULATOR: I 200406 14:24:32 main:324] Moving block b'BLOCK_ae3a8171-72f2-466c-9610-68b583514412' to new location vtkMatrix4x4 (0x7f9d076f58c0)
      Debug: Off
      Modified Time: 73375016
      Reference Count: 3
      Registered Events: (none)
      Elements:
        6.12323e-17 -1.86794e-16 1 1.5 
        -1.53783e-17 1 1.86794e-16 2.4906 
        -1 1.53783e-17 6.12323e-17 2.11365 
        0 0 0 1 
    
    
[SIMULATOR: I 200406 14:24:33 main:316] Already know about block b'BLOCK_ae3a8171-72f2-466c-9610-68b583514412'
[SIMULATOR: I 200406 14:24:33 main:324] Moving block b'BLOCK_ae3a8171-72f2-466c-9610-68b583514412' to new location vtkMatrix4x4 (0x7f9d0845f960)
      Debug: Off
      Modified Time: 73428276
      Reference Count: 3
      Registered Events: (none)
      Elements:
        6.12323e-17 6.12323e-17 1 1.5 
        5.10821e-17 1 -6.12323e-17 2.4906 
        -1 5.26335e-17 6.12323e-17 1.9906 
        0 0 0 1 
    
    
[SIMULATOR: I 200406 14:25:00 main:316] Already know about block b'BLOCK_25162f57-712f-47da-b607-7ce0ca7191af'
[SIMULATOR: I 200406 14:25:00 main:324] Moving block b'BLOCK_25162f57-712f-47da-b607-7ce0ca7191af' to new location vtkMatrix4x4 (0x7f9d08609bb0)
      Debug: Off
      Modified Time: 85508498
      Reference Count: 3
      Registered Events: (none)
      Elements:
        -9.31224e-17 -1 1.22465e-16 0.5188 
        6.12323e-17 1.22465e-16 1 0.5 
        -1 1.16093e-16 6.12323e-17 2 
        0 0 0 1 
    
    
[SIMULATOR: I 200406 14:25:00 main:316] Already know about block b'BLOCK_25162f57-712f-47da-b607-7ce0ca7191af'
[SIMULATOR: I 200406 14:25:00 main:324] Moving block b'BLOCK_25162f57-712f-47da-b607-7ce0ca7191af' to new location vtkMatrix4x4 (0x7f9d08479d50)
      Debug: Off
      Modified Time: 85508626
      Reference Count: 3
      Registered Events: (none)
      Elements:
        -1.01372e-16 -1 1.22465e-16 0.5188 
        6.12323e-17 1.22465e-16 1 0.5 
        -1 1.59896e-16 6.12323e-17 2.12305 
        0 0 0 1 
    
    
[SIMULATOR: I 200406 14:25:00 main:316] Already know about block b'BLOCK_25162f57-712f-47da-b607-7ce0ca7191af'
[SIMULATOR: I 200406 14:25:00 main:324] Moving block b'BLOCK_25162f57-712f-47da-b607-7ce0ca7191af' to new location vtkMatrix4x4 (0x7f9d044c5100)
      Debug: Off
      Modified Time: 85615021
      Reference Count: 3
      Registered Events: (none)
      Elements:
        -2.17606e-16 -1 1.22465e-16 0.5188 
        6.12323e-17 1.22465e-16 1 0.5 
        -1 3.18422e-16 6.12323e-17 2.59436 
        0 0 0 1 
    
    
[SIMULATOR: I 200406 14:25:01 main:316] Already know about block b'BLOCK_25162f57-712f-47da-b607-7ce0ca7191af'
[SIMULATOR: I 200406 14:25:01 main:324] Moving block b'BLOCK_25162f57-712f-47da-b607-7ce0ca7191af' to new location vtkMatrix4x4 (0x7f9d076cea30)
      Debug: Off
      Modified Time: 85826926
      Reference Count: 3
      Registered Events: (none)
      Elements:
        -6.00957e-16 -1 1.22465e-16 0.5188 
        6.12323e-17 1.22465e-16 1 0.5 
        -1 6.08676e-16 6.12323e-17 3.06567 
        0 0 0 1 
    
    
[SIMULATOR: I 200406 14:25:01 main:316] Already know about block b'BLOCK_25162f57-712f-47da-b607-7ce0ca7191af'
[SIMULATOR: I 200406 14:25:01 main:324] Moving block b'BLOCK_25162f57-712f-47da-b607-7ce0ca7191af' to new location vtkMatrix4x4 (0x7f9d083eced0)
      Debug: Off
      Modified Time: 85959477
      Reference Count: 3
      Registered Events: (none)
      Elements:
        -1.15259e-16 -1 1.22465e-16 0.5188 
        6.12323e-17 1.22465e-16 1 0.5 
        -1 4.45494e-17 6.12323e-17 3.18872 
        0 0 0 1 
    
    
[SIMULATOR: I 200406 14:25:02 main:316] Already know about block b'BLOCK_25162f57-712f-47da-b607-7ce0ca7191af'
[SIMULATOR: I 200406 14:25:02 main:324] Moving block b'BLOCK_25162f57-712f-47da-b607-7ce0ca7191af' to new location vtkMatrix4x4 (0x7f9d0861ff20)
      Debug: Off
      Modified Time: 86092026
      Reference Count: 3
      Registered Events: (none)
      Elements:
        -1.15259e-16 -1 1.22465e-16 0.5188 
        6.12323e-17 1.22465e-16 1 0.5 
        -1 4.45494e-17 6.12323e-17 3.18872 
        0 0 0 1 
    
    
[SIMULATOR: I 200406 14:25:02 main:316] Already know about block b'BLOCK_25162f57-712f-47da-b607-7ce0ca7191af'
[SIMULATOR: I 200406 14:25:02 main:324] Moving block b'BLOCK_25162f57-712f-47da-b607-7ce0ca7191af' to new location vtkMatrix4x4 (0x7f9d08615c60)
      Debug: Off
      Modified Time: 86251004
      Reference Count: 3
      Registered Events: (none)
      Elements:
        -4.68961e-17 -1 1.22465e-16 0.621343 
        6.12323e-17 1.22465e-16 1 0.5 
        -1 1.08315e-16 6.12323e-17 3.18872 
        0 0 0 1 
    
    
[SIMULATOR: I 200406 14:25:02 main:316] Already know about block b'BLOCK_25162f57-712f-47da-b607-7ce0ca7191af'
[SIMULATOR: I 200406 14:25:02 main:324] Moving block b'BLOCK_25162f57-712f-47da-b607-7ce0ca7191af' to new location vtkMatrix4x4 (0x7f9d0855ba60)
      Debug: Off
      Modified Time: 86410051
      Reference Count: 3
      Registered Events: (none)
      Elements:
        -3.06478e-16 -1 1.22465e-16 1.0141 
        6.12323e-17 1.22465e-16 1 0.5 
        -1 2.69628e-16 6.12323e-17 3.18872 
        0 0 0 1 
    
    
[SIMULATOR: I 200406 14:25:03 main:316] Already know about block b'BLOCK_25162f57-712f-47da-b607-7ce0ca7191af'
[SIMULATOR: I 200406 14:25:03 main:324] Moving block b'BLOCK_25162f57-712f-47da-b607-7ce0ca7191af' to new location vtkMatrix4x4 (0x7f9d076af000)
      Debug: Off
      Modified Time: 86569029
      Reference Count: 3
      Registered Events: (none)
      Elements:
        -2.53917e-16 -1 1.22465e-16 1.40686 
        6.12323e-17 1.22465e-16 1 0.5 
        -1 2.5329e-16 6.12323e-17 3.18872 
        0 0 0 1 
    
    
[SIMULATOR: I 200406 14:25:03 main:316] Already know about block b'BLOCK_25162f57-712f-47da-b607-7ce0ca7191af'
[SIMULATOR: I 200406 14:25:03 main:324] Moving block b'BLOCK_25162f57-712f-47da-b607-7ce0ca7191af' to new location vtkMatrix4x4 (0x7f9d081fa910)
      Debug: Off
      Modified Time: 86569152
      Reference Count: 3
      Registered Events: (none)
      Elements:
        3.27547e-16 -1 1.22465e-16 1.5094 
        6.12323e-17 1.22465e-16 1 0.5 
        -1 -4.47217e-16 6.12323e-17 3.18872 
        0 0 0 1 
    
    
[SIMULATOR: I 200406 14:25:03 main:316] Already know about block b'BLOCK_25162f57-712f-47da-b607-7ce0ca7191af'
[SIMULATOR: I 200406 14:25:03 main:324] Moving block b'BLOCK_25162f57-712f-47da-b607-7ce0ca7191af' to new location vtkMatrix4x4 (0x7f9d0845b9a0)
      Debug: Off
      Modified Time: 86807767
      Reference Count: 3
      Registered Events: (none)
      Elements:
        3.27547e-16 -1 1.22465e-16 1.5094 
        6.12323e-17 1.22465e-16 1 0.5 
        -1 -4.47217e-16 6.12323e-17 3.18872 
        0 0 0 1 
    
    
[SIMULATOR: I 200406 14:25:03 main:316] Already know about block b'BLOCK_25162f57-712f-47da-b607-7ce0ca7191af'
[SIMULATOR: I 200406 14:25:04 main:324] Moving block b'BLOCK_25162f57-712f-47da-b607-7ce0ca7191af' to new location vtkMatrix4x4 (0x7f9d076fb830)
      Debug: Off
      Modified Time: 86913889
